0 0.019229 0.723880 0.196536 0.723880 0.196536 0.865532 0.019229 0.865532
0 0.801860 0.606120 0.982876 0.606120 0.982876 0.743905 0.801860 0.743905
0 0.645569 0.609963 0.786732 0.609963 0.786732 0.745055 0.645569 0.745055
0 0.487515 0.607271 0.628678 0.607271 0.628678 0.782876 0.487515 0.782876
0 0.332840 0.529596 0.472656 0.529596 0.472656 0.709253 0.332840 0.709253
0 0.020796 0.568764 0.195728 0.568764 0.195728 0.707907 0.020796 0.707907
0 0.804198 0.410367 0.945471 0.410367 0.945471 0.592729 0.804198 0.592729
0 0.647723 0.413745 0.782815 0.413745 0.782815 0.589351 0.647723 0.589351
0 0.488996 0.372656 0.627466 0.372656 0.627466 0.552766 0.488996 0.552766
0 0.332521 0.333256 0.470428 0.333256 0.470428 0.512803 0.332521 0.512803
0 0.176059 0.370967 0.316769 0.370967 0.316769 0.549951 0.176059 0.549951
0 0.293672 0.018201 0.434382 0.018201 0.434382 0.197797 0.293672 0.197797
0 0.020147 0.373782 0.159168 0.373782 0.159168 0.550514 0.020147 0.550514
0 0.016463 0.018201 0.157185 0.018201 0.157185 0.198788 0.016463 0.198788
0 0.763439 0.214186 0.943244 0.214186 0.943244 0.391652 0.763439 0.391652
0 0.606707 0.176671 0.746634 0.176671 0.746634 0.353341 0.606707 0.353341
0 0.449572 0.176279 0.588335 0.176279 0.588335 0.315814 0.449572 0.315814
0 0.451738 0.018201 0.589633 0.018201 0.589633 0.155116 0.451738 0.155116
0 0.648274 0.020551 0.787111 0.020551 0.787111 0.157466 0.648274 0.157466
0 0.842925 0.019608 0.981285 0.019608 0.981285 0.198311 0.842925 0.198311
0 0.175961 0.214186 0.315508 0.214186 0.315508 0.355300 0.175961 0.355300
0 0.388788 0.829841 0.439070 0.802534 0.494186 0.828715 0.508629 0.889315 0.473084 0.934663 0.410930 0.934247 0.373035 0.887344
0 0.080783 0.212974 0.073439 0.214198 0.068543 0.215422 0.063647 0.216646 0.053856 0.221542 0.045288 0.226438 0.030600 0.241126 0.026928 0.246022 0.024480 0.249694 0.020808 0.257038 0.019584 0.260710 0.018360 0.264382 0.017136 0.269278 0.015912 0.276622 0.015912 0.291310 0.017136 0.298654 0.018360 0.303550 0.019584 0.307222 0.020808 0.310894 0.024480 0.318237 0.026928 0.321909 0.030600 0.326805 0.045288 0.341493 0.053856 0.346389 0.063647 0.351285 0.068543 0.352509 0.073439 0.353733 0.080783 0.354957 0.097919 0.354957 0.104039 0.353733 0.110159 0.352509 0.115055 0.351285 0.119951 0.348837 0.127295 0.345165 0.130967 0.342717 0.134639 0.339045 0.138311 0.337821 0.140759 0.335373 0.148103 0.326805 0.151775 0.321909 0.154223 0.318237 0.157895 0.310894 0.159119 0.307222 0.160343 0.303550 0.161567 0.298654 0.162791 0.291310 0.162791 0.276622 0.161567 0.269278 0.160343 0.264382 0.159119 0.260710 0.157895 0.257038 0.154223 0.249694 0.151775 0.246022 0.148103 0.241126 0.140759 0.232558 0.138311 0.230110 0.134639 0.228886 0.130967 0.225214 0.127295 0.222766 0.122399 0.220318 0.115055 0.216646 0.110159 0.215422 0.104039 0.214198 0.097919 0.212974 0.080783 0.212974
0 0.803011 0.764223 0.941371 0.764223 0.941371 0.904468 0.803011 0.904468
0 0.646818 0.763745 0.783305 0.763745 0.783305 0.901652 0.646818 0.901652
0 0.214823 0.723880 0.355532 0.723880 0.355532 0.862252 0.214823 0.862252
