0 0.202187 0.822182 0.346862 0.822182 0.346862 0.934747 0.202187 0.934747
0 0.428859 0.820777 0.572330 0.820777 0.572330 0.888311 0.428859 0.888311
0 0.316719 0.733058 0.683249 0.733058 0.683249 0.799667 0.316719 0.799667
0 0.656735 0.822182 0.799002 0.822182 0.799002 0.933810 0.656735 0.933810
0 0.713391 0.732121 0.911727 0.732121 0.911727 0.798730 0.713391 0.798730
0 0.883994 0.555758 0.971410 0.555758 0.971410 0.709605 0.883994 0.709605
0 0.088241 0.733551 0.285293 0.733551 0.285293 0.799063 0.088241 0.799063
0 0.027480 0.556584 0.116022 0.556584 0.116022 0.710580 0.027480 0.710580
0 0.142060 0.511332 0.227132 0.511332 0.227132 0.666005 0.142060 0.666005
0 0.314754 0.644575 0.401569 0.644575 0.401569 0.709309 0.314754 0.709309
0 0.427607 0.642885 0.572298 0.642885 0.572298 0.710432 0.427607 0.710432
0 0.599778 0.644020 0.683693 0.644020 0.683693 0.710999 0.599778 0.710999
0 0.773407 0.508927 0.860935 0.508927 0.860935 0.665968 0.773407 0.665968
0 0.314754 0.554525 0.685151 0.554525 0.685151 0.623748 0.314754 0.623748
0 0.314041 0.376658 0.684422 0.376658 0.684422 0.449827 0.314041 0.449827
0 0.770507 0.333884 0.858035 0.333884 0.858035 0.486979 0.770507 0.486979
0 0.883360 0.288298 0.970887 0.288298 0.970887 0.447016 0.883360 0.447016
0 0.712124 0.198853 0.919746 0.198853 0.919746 0.266967 0.712124 0.266967
0 0.598700 0.289248 0.689857 0.289248 0.689857 0.355672 0.598700 0.355672
0 0.428700 0.290937 0.570491 0.290937 0.570491 0.356227 0.428700 0.356227
0 0.312219 0.290370 0.404105 0.290370 0.404105 0.355105 0.312219 0.355105
0 0.145119 0.333711 0.227591 0.333711 0.227591 0.491874 0.145119 0.491874
0 0.029366 0.289248 0.117623 0.289248 0.117623 0.445166 0.029366 0.445166
0 0.085658 0.200543 0.283867 0.200543 0.283867 0.265277 0.085658 0.265277
0 0.199223 0.066017 0.343914 0.066017 0.343914 0.176905 0.199223 0.176905
0 0.426387 0.109926 0.574675 0.109926 0.574675 0.176905 0.426387 0.176905
0 0.312076 0.199988 0.683914 0.199988 0.683914 0.267522 0.312076 0.267522
0 0.657876 0.067152 0.800380 0.067152 0.800380 0.180851 0.657876 0.180851
