0 0.699217 0.229498 0.732424 0.215826 0.769535 0.229498 0.774419 0.244137 0.782228 0.255863 0.782228 0.277344 0.777344 0.282228 0.771481 0.297846 0.767576 0.300783 0.770502 0.303709 0.766597 0.300783 0.750000 0.307613 0.743170 0.321285 0.739253 0.317381 0.729498 0.317381 0.725581 0.321285 0.722656 0.309572 0.698237 0.298825 0.685545 0.263672
0 0.331334 0.605679 0.434051 0.605679 0.434051 0.706989 0.331334 0.706989
0 0.449535 0.602864 0.550845 0.602864 0.550845 0.668531 0.449535 0.668531
0 0.568201 0.605679 0.669045 0.605679 0.669045 0.708397 0.568201 0.708397
0 0.569106 0.764100 0.627870 0.764100 0.627870 0.827589 0.569106 0.827589
0 0.685275 0.841102 0.749449 0.841102 0.749449 0.943084 0.685275 0.943084
0 0.567576 0.371359 0.663819 0.371359 0.663819 0.473244 0.567576 0.473244
0 0.333427 0.372485 0.432485 0.372485 0.432485 0.471554 0.333427 0.471554
0 0.059229 0.215789 0.158519 0.215789 0.158519 0.279278 0.059229 0.279278
0 0.182375 0.880049 0.175031 0.881273 0.171359 0.882497 0.166463 0.884945 0.159119 0.888617 0.155447 0.891065 0.152999 0.893513 0.152999 0.894737 0.150551 0.897185 0.149327 0.897185 0.146879 0.899633 0.144431 0.903305 0.141983 0.908201 0.138311 0.915545 0.137087 0.919217 0.135863 0.925337 0.135863 0.940024 0.137087 0.946144 0.138311 0.949816 0.139535 0.953488 0.143207 0.960832 0.146879 0.965728 0.150551 0.969400 0.152999 0.971848 0.155447 0.974296 0.159119 0.976744 0.164015 0.979192 0.171359 0.982864 0.175031 0.984088 0.182375 0.985312 0.195838 0.985312 0.201958 0.984088 0.205630 0.982864 0.209302 0.981640 0.216646 0.977968 0.221542 0.974296 0.230110 0.965728 0.233782 0.960832 0.237454 0.953488 0.238678 0.949816 0.239902 0.946144 0.241126 0.940024 0.241126 0.925337 0.239902 0.919217 0.238678 0.915545 0.236230 0.910649 0.232558 0.903305 0.230110 0.899633 0.227662 0.897185 0.225214 0.894737 0.221542 0.891065 0.216646 0.887393 0.209302 0.883721 0.205630 0.882497 0.201958 0.881273 0.195838 0.880049 0.182375 0.880049
0 0.606181 0.178580 0.668323 0.178580 0.668323 0.234639 0.606181 0.234639
0 0.451175 0.525386 0.500000 0.489253 0.546879 0.524419 0.529302 0.576169 0.530269 0.579106 0.511714 0.578127 0.507809 0.595704 0.502925 0.590820 0.496095 0.590820 0.491212 0.595704 0.487307 0.578127 0.469731 0.577148
0 0.022460 0.915043 0.058592 0.887699 0.059572 0.873048 0.064455 0.877931 0.072264 0.877931 0.077148 0.873048 0.079106 0.887699 0.114259 0.914064 0.115239 0.919927 0.125973 0.921873 0.121089 0.926756 0.121089 0.934565 0.125973 0.938482 0.109376 0.940428 0.106450 0.943354 0.097662 0.969731 0.041016 0.969731 0.038091 0.972656
