0 0.580881 0.128489 0.662048 0.128489 0.662048 0.216292 0.580881 0.216292
0 0.374314 0.881102 0.454252 0.881102 0.454252 0.954719 0.374314 0.954719
0 0.458920 0.825080 0.540031 0.825080 0.540031 0.914331 0.458920 0.914331
0 0.546449 0.882405 0.626977 0.882405 0.626977 0.952765 0.546449 0.952765
0 0.582334 0.785343 0.661403 0.785343 0.661403 0.873285 0.582334 0.873285
0 0.443457 0.727685 0.557536 0.727685 0.557536 0.817263 0.443457 0.817263
0 0.807778 0.417568 0.886840 0.417568 0.886840 0.583035 0.807778 0.583035
0 0.635059 0.455676 0.713538 0.455676 0.713538 0.545904 0.635059 0.545904
0 0.564451 0.456327 0.625717 0.456327 0.625717 0.542973 0.564451 0.542973
0 0.460583 0.513978 0.539361 0.513978 0.539361 0.601601 0.460583 0.601601
0 0.286989 0.456001 0.365760 0.456001 0.365760 0.543299 0.286989 0.543299
0 0.372768 0.455676 0.435493 0.455676 0.435493 0.544276 0.372768 0.544276
0 0.112520 0.417242 0.190999 0.417242 0.190999 0.582058 0.112520 0.582058
0 0.460385 0.397533 0.538529 0.397533 0.538529 0.485897 0.460385 0.485897
0 0.442744 0.183645 0.557691 0.183645 0.557691 0.271455 0.442744 0.271455
0 0.458876 0.086840 0.538026 0.086840 0.538026 0.175766 0.458876 0.175766
0 0.338423 0.785994 0.416325 0.785994 0.416325 0.873611 0.338423 0.873611
0 0.340397 0.125676 0.418541 0.125676 0.418541 0.216292 0.340397 0.216292
0 0.372824 0.047900 0.452477 0.047900 0.452477 0.116951 0.372824 0.116951
0 0.546418 0.047574 0.626363 0.047574 0.626363 0.117602 0.546418 0.117602
0 0.375543 0.282051 0.371819 0.282744 0.369336 0.283437 0.367474 0.284130 0.365611 0.284823 0.358163 0.288981 0.355059 0.291753 0.348231 0.299376 0.346369 0.302841 0.342644 0.311157 0.342024 0.313236 0.341403 0.315315 0.340782 0.318087 0.340161 0.322245 0.340161 0.331947 0.340782 0.336105 0.341403 0.339570 0.342024 0.341649 0.343265 0.345114 0.344507 0.347886 0.346369 0.352044 0.348852 0.355509 0.355059 0.362439 0.358163 0.365211 0.360646 0.366597 0.365611 0.369369 0.367474 0.370062 0.369336 0.370755 0.371819 0.371448 0.375543 0.372141 0.384233 0.372141 0.387958 0.371448 0.390441 0.370755 0.392924 0.370062 0.395407 0.368676 0.400372 0.365904 0.402235 0.364518 0.404097 0.363132 0.410925 0.355509 0.413408 0.352044 0.414649 0.349272 0.416511 0.345114 0.417753 0.341649 0.418374 0.339570 0.418994 0.336105 0.419615 0.331947 0.419615 0.322245 0.418994 0.318087 0.418374 0.315315 0.417753 0.313236 0.417132 0.311157 0.413408 0.302841 0.411546 0.299376 0.404097 0.291060 0.402235 0.289674 0.400372 0.288288 0.392924 0.284130 0.390441 0.283437 0.387958 0.282744 0.384233 0.282051 0.375543 0.282051
0 0.618250 0.280665 0.614525 0.281358 0.612042 0.282051 0.610180 0.282744 0.608318 0.283437 0.600869 0.287595 0.599007 0.288981 0.597145 0.290367 0.590937 0.297297 0.589696 0.299376 0.588454 0.301455 0.584730 0.309771 0.584109 0.311850 0.583489 0.313929 0.582868 0.316701 0.582247 0.320859 0.582247 0.330561 0.582868 0.334719 0.583489 0.337491 0.584109 0.340263 0.586592 0.346500 0.587213 0.347886 0.587834 0.349272 0.589075 0.351351 0.591558 0.354816 0.597145 0.361053 0.599007 0.362439 0.600869 0.363825 0.608318 0.367983 0.610180 0.368676 0.612042 0.369369 0.614525 0.370062 0.618250 0.370755 0.626940 0.370755 0.630664 0.370062 0.633147 0.369369 0.635630 0.368676 0.638113 0.367290 0.643700 0.364518 0.645562 0.363132 0.646182 0.361746 0.648665 0.360360 0.653631 0.354816 0.656114 0.351351 0.657356 0.349272 0.657976 0.347886 0.658597 0.346500 0.661080 0.340263 0.661701 0.337491 0.662322 0.334719 0.662942 0.330561 0.662942 0.320859 0.662322 0.316701 0.661701 0.313929 0.661080 0.311850 0.660459 0.309771 0.656735 0.301455 0.655493 0.299376 0.654252 0.297297 0.648665 0.291060 0.646182 0.289674 0.645562 0.288288 0.643700 0.286902 0.635630 0.282744 0.633147 0.282051 0.630664 0.281358 0.626940 0.280665 0.618250 0.280665
0 0.766605 0.417186 0.763501 0.417879 0.761018 0.418572 0.757914 0.419958 0.754190 0.422037 0.752328 0.423423 0.746741 0.429660 0.744258 0.433125 0.743017 0.435897 0.741155 0.440055 0.740534 0.442134 0.739913 0.444906 0.739292 0.448371 0.739292 0.458073 0.739913 0.461538 0.740534 0.464310 0.741155 0.466389 0.742396 0.469161 0.744258 0.473319 0.746120 0.476091 0.752328 0.483021 0.754190 0.484407 0.757914 0.486486 0.761018 0.487872 0.763501 0.488565 0.766605 0.489258 0.774053 0.489258 0.777778 0.488565 0.779640 0.487872 0.782744 0.486486 0.783985 0.485793 0.785227 0.485100 0.788330 0.483021 0.794538 0.476091 0.796400 0.473319 0.797641 0.470547 0.799503 0.466389 0.800124 0.464310 0.800745 0.461538 0.801366 0.458073 0.801366 0.448371 0.800745 0.444906 0.800124 0.442134 0.799503 0.440055 0.798262 0.437283 0.796400 0.433125 0.793917 0.429660 0.788330 0.423423 0.785227 0.421344 0.783985 0.420651 0.782744 0.419958 0.779640 0.418572 0.777778 0.417879 0.774053 0.417186 0.766605 0.417186
0 0.765984 0.515593 0.762880 0.516286 0.761018 0.516979 0.759156 0.517672 0.757914 0.518365 0.753569 0.521137 0.751707 0.522523 0.749845 0.523909 0.747983 0.525988 0.744879 0.530839 0.743017 0.534304 0.742396 0.535690 0.741775 0.537076 0.741155 0.539155 0.740534 0.541234 0.739913 0.544699 0.739913 0.553708 0.740534 0.557866 0.741155 0.559945 0.741775 0.562024 0.744879 0.568954 0.746120 0.570340 0.748603 0.573805 0.749845 0.575191 0.751707 0.576577 0.753569 0.577963 0.757914 0.580735 0.759156 0.581428 0.761018 0.582121 0.762880 0.582814 0.765984 0.583507 0.774053 0.583507 0.777778 0.582814 0.779640 0.582121 0.781502 0.581428 0.787709 0.577963 0.788330 0.576577 0.788951 0.576577 0.790813 0.575191 0.792055 0.573805 0.795779 0.568954 0.797020 0.566182 0.798883 0.562024 0.799503 0.559945 0.800124 0.557866 0.800745 0.553708 0.800745 0.544699 0.800124 0.541234 0.799503 0.539155 0.798883 0.537076 0.798262 0.535690 0.797641 0.534304 0.795779 0.530839 0.792675 0.525988 0.790813 0.523909 0.788951 0.522523 0.788330 0.522523 0.787709 0.521137 0.785227 0.519751 0.781502 0.517672 0.779640 0.516979 0.777778 0.516286 0.774053 0.515593 0.765984 0.515593
0 0.617629 0.630631 0.613904 0.631324 0.611421 0.632017 0.609559 0.632710 0.607697 0.633403 0.600248 0.637561 0.598386 0.638947 0.596524 0.640333 0.590317 0.647263 0.589075 0.649342 0.587834 0.651421 0.584109 0.659737 0.583489 0.661816 0.582868 0.663895 0.582247 0.666667 0.581626 0.670825 0.581626 0.680527 0.582247 0.684685 0.582868 0.687457 0.583489 0.690229 0.585971 0.696466 0.586592 0.697852 0.587213 0.699238 0.588454 0.701317 0.590937 0.704782 0.596524 0.711019 0.598386 0.712405 0.600248 0.713791 0.607697 0.717949 0.609559 0.718642 0.611421 0.719335 0.613904 0.720028 0.617629 0.720721 0.626319 0.720721 0.630043 0.720028 0.632526 0.719335 0.635009 0.718642 0.637492 0.717256 0.643079 0.714484 0.644941 0.713098 0.645562 0.711712 0.648045 0.710326 0.653011 0.704782 0.655493 0.701317 0.656735 0.699238 0.657356 0.697852 0.657976 0.696466 0.660459 0.690229 0.661080 0.687457 0.661701 0.684685 0.662322 0.680527 0.662322 0.670825 0.661701 0.666667 0.661080 0.663895 0.660459 0.661816 0.659839 0.659737 0.656114 0.651421 0.654873 0.649342 0.653631 0.647263 0.648045 0.641026 0.645562 0.639640 0.644941 0.638254 0.643079 0.636868 0.635009 0.632710 0.632526 0.632017 0.630043 0.631324 0.626319 0.630631 0.617629 0.630631
0 0.374302 0.630631 0.371198 0.631324 0.368094 0.632017 0.366232 0.632710 0.364370 0.633403 0.363128 0.634096 0.361887 0.634789 0.357542 0.637561 0.353197 0.641026 0.350714 0.643798 0.346369 0.649342 0.344507 0.652807 0.342644 0.656965 0.341403 0.660430 0.340782 0.662509 0.340161 0.665281 0.339541 0.670132 0.339541 0.680527 0.340161 0.683992 0.340782 0.687457 0.341403 0.689536 0.342644 0.693001 0.344507 0.697159 0.346369 0.700624 0.348231 0.703396 0.350093 0.704782 0.353197 0.708940 0.357542 0.712405 0.361887 0.715177 0.363128 0.715870 0.364370 0.716563 0.366232 0.717256 0.368094 0.717949 0.371198 0.718642 0.374302 0.719335 0.382371 0.719335 0.386716 0.718642 0.391061 0.717256 0.392924 0.716563 0.395407 0.715177 0.399131 0.713098 0.400993 0.711712 0.404097 0.708247 0.404718 0.708247 0.407200 0.704782 0.409063 0.703396 0.410925 0.700624 0.412787 0.697159 0.414649 0.693001 0.415891 0.689536 0.416511 0.687457 0.417132 0.683992 0.417753 0.680527 0.417753 0.670132 0.417132 0.665281 0.416511 0.662509 0.415891 0.660430 0.414649 0.656965 0.412787 0.652807 0.410925 0.649342 0.406580 0.643798 0.404718 0.641719 0.400993 0.638254 0.399131 0.636868 0.396648 0.635482 0.392924 0.633403 0.391061 0.632710 0.386716 0.631324 0.382371 0.630631 0.374302 0.630631
0 0.226567 0.514900 0.223464 0.515593 0.220360 0.516286 0.217256 0.517672 0.213532 0.519751 0.211670 0.521137 0.209187 0.523216 0.204842 0.528067 0.203600 0.530146 0.202359 0.532225 0.200497 0.535690 0.199876 0.537769 0.199255 0.539848 0.198634 0.542620 0.198014 0.546085 0.198014 0.554401 0.198634 0.558559 0.199255 0.560638 0.199876 0.562717 0.201117 0.566182 0.201738 0.567568 0.202980 0.569647 0.204842 0.572419 0.209187 0.577270 0.211670 0.579349 0.213532 0.580735 0.217256 0.582814 0.220360 0.584200 0.223464 0.584893 0.226567 0.585586 0.234637 0.585586 0.237741 0.584893 0.242086 0.583507 0.247052 0.580735 0.250776 0.577963 0.255742 0.572419 0.257604 0.569647 0.258845 0.567568 0.259466 0.566182 0.260708 0.562717 0.261328 0.560638 0.261949 0.558559 0.262570 0.554401 0.262570 0.546085 0.261949 0.542620 0.261328 0.539848 0.260708 0.537769 0.260087 0.535690 0.258225 0.532225 0.256983 0.530146 0.255742 0.528067 0.250776 0.522523 0.247052 0.519751 0.242086 0.516979 0.237741 0.515593 0.234637 0.514900 0.226567 0.514900
0 0.227188 0.416493 0.224084 0.417186 0.221601 0.417879 0.219739 0.418572 0.217877 0.419265 0.211670 0.423423 0.205462 0.430353 0.202359 0.435897 0.201738 0.437283 0.199876 0.443520 0.199255 0.447678 0.199255 0.455994 0.199876 0.460152 0.201738 0.466389 0.203600 0.470547 0.206083 0.474012 0.211670 0.480249 0.217877 0.484407 0.219739 0.485100 0.221601 0.485793 0.224084 0.486486 0.227188 0.487179 0.234637 0.487179 0.238361 0.486486 0.240223 0.485793 0.242086 0.485100 0.245189 0.483714 0.246431 0.483021 0.247672 0.482328 0.250776 0.479556 0.255742 0.474012 0.258225 0.470547 0.260087 0.466389 0.261949 0.460152 0.262570 0.455994 0.262570 0.447678 0.261949 0.443520 0.260087 0.437283 0.259466 0.435897 0.256363 0.430353 0.250776 0.424116 0.247672 0.421344 0.246431 0.420651 0.245189 0.419958 0.242086 0.418572 0.240223 0.417879 0.238361 0.417186 0.234637 0.416493 0.227188 0.416493
0 0.128908 0.704103 0.131837 0.707034 0.137697 0.725586 0.147461 0.732419 0.147461 0.740236 0.150391 0.738281 0.154295 0.738281 0.156251 0.740236 0.158206 0.736327 0.157225 0.735350 0.159181 0.737304 0.162110 0.737304 0.181639 0.728517 0.185549 0.719730 0.187498 0.717775 0.192384 0.716798 0.192384 0.710936 0.194339 0.708981 0.190428 0.706057 0.191409 0.703125 0.182619 0.680665 0.173830 0.673825 0.172849 0.666992 0.166015 0.667970 0.164060 0.669924 0.158206 0.669924 0.138672 0.678711 0.131837 0.696292 0.131837 0.699217
0 0.256834 0.691407 0.290037 0.669924 0.292967 0.669924 0.312502 0.683597 0.317381 0.685544 0.325196 0.692384 0.326170 0.691407 0.325196 0.692384 0.325196 0.727540 0.322266 0.729494 0.323240 0.737304 0.316406 0.740236 0.294922 0.754886 0.291993 0.753909 0.292967 0.754886 0.291018 0.757810 0.284178 0.751954 0.266605 0.742190 0.256834 0.734373 0.255860 0.735350
0 0.673830 0.691407 0.673830 0.734373 0.707033 0.756833 0.708982 0.756833 0.728516 0.743167 0.735351 0.740236 0.742185 0.734373 0.742185 0.691407 0.719727 0.675780 0.714842 0.673825 0.710937 0.669924 0.706052 0.669924 0.702148 0.673825 0.695313 0.676757 0.694339 0.679688 0.687498 0.679688 0.682619 0.685544
0 0.816406 0.678711 0.807616 0.702148 0.815431 0.725586 0.821291 0.730471 0.830081 0.733396 0.833985 0.736327 0.840819 0.736327 0.843749 0.739258 0.850583 0.739258 0.851564 0.732419 0.861328 0.727540 0.865233 0.713867 0.869143 0.706057 0.866214 0.694338 0.860354 0.680665 0.861328 0.679688 0.860354 0.680665 0.856443 0.676757 0.851564 0.675780 0.838870 0.668947
0 0.219727 0.103514 0.222657 0.103514 0.246096 0.087893 0.250975 0.088870 0.256834 0.093749 0.269528 0.100589 0.274413 0.105468 0.274413 0.137692 0.249025 0.155274 0.244140 0.154297 0.242185 0.157228 0.237306 0.156251 0.235351 0.158205 0.234376 0.148441 0.229491 0.143555 0.220701 0.138669 0.220701 0.103514
0 0.129882 0.296875 0.139646 0.271483 0.145506 0.268552 0.148436 0.262696 0.160155 0.261719 0.180664 0.270506 0.186524 0.281247 0.193358 0.282225 0.192384 0.290042 0.190428 0.291989 0.191409 0.295897 0.190428 0.298829 0.193358 0.301760 0.192384 0.307616 0.194339 0.309570 0.186524 0.310547 0.187498 0.310547 0.183594 0.318358 0.180664 0.321289 0.172849 0.325198 0.169919 0.325198 0.162110 0.330076 0.159181 0.330076 0.140627 0.321289 0.137697 0.318358
0 0.249025 0.282225 0.250975 0.284179 0.250975 0.288087 0.249025 0.290042 0.256834 0.291989 0.256834 0.307616 0.263675 0.313479 0.265624 0.313479 0.270509 0.319335 0.278318 0.319335 0.279299 0.322266 0.286133 0.328122 0.287107 0.332030 0.294922 0.332030 0.295897 0.331053 0.294922 0.329099 0.298827 0.325198 0.325196 0.307616 0.325196 0.273437 0.327151 0.271483 0.333011 0.270506 0.331055 0.268552 0.331055 0.264650 0.333011 0.262696 0.320310 0.261719 0.310546 0.253909 0.291018 0.243167 0.257573 0.264629 0.256834 0.263673 0.256834 0.279300 0.254885 0.281247
0 0.674804 0.264650 0.681639 0.258787 0.683594 0.258787 0.701173 0.246091 0.703122 0.246091 0.707033 0.242190 0.708982 0.242190 0.717772 0.249023 0.727542 0.253909 0.737306 0.261719 0.750000 0.261719 0.748045 0.264650 0.748045 0.268552 0.750000 0.271483 0.744140 0.271483 0.742185 0.273437 0.742185 0.307616 0.735351 0.313479 0.733395 0.313479 0.708007 0.330076 0.678709 0.310547 0.666989 0.310547 0.666015 0.308593 0.667970 0.307616 0.667970 0.303708 0.666015 0.301760 0.671875 0.300783 0.673830 0.298829 0.674804 0.299806
0 0.804687 0.301760 0.808591 0.299806 0.807616 0.295897 0.817381 0.271483 0.834960 0.262696 0.839845 0.261719 0.860354 0.272460 0.869143 0.294920 0.868163 0.298829 0.872073 0.301760 0.870118 0.303708 0.870118 0.307616 0.872073 0.309570 0.870118 0.311525 0.865233 0.310547 0.863284 0.312502 0.861328 0.318358 0.851564 0.325198 0.850583 0.332030 0.843749 0.331053 0.842775 0.328122 0.839845 0.330076 0.835940 0.329099 0.833985 0.331053 0.828125 0.331053 0.826170 0.333008 0.825196 0.325198 0.816406 0.319335 0.814451 0.313479 0.811521 0.310547 0.804687 0.309570
0 0.725587 0.104491 0.732421 0.098635 0.734376 0.098635 0.750000 0.087893 0.753904 0.087893 0.768554 0.098635 0.775388 0.101559 0.778318 0.104491 0.778318 0.139647 0.774413 0.140624 0.752930 0.155274 0.749025 0.153319 0.746096 0.157228 0.741210 0.156251 0.739255 0.158205 0.737306 0.156251 0.738281 0.147464 0.726561 0.139647
0 0.752024 0.912606 0.778318 0.894532 0.778318 0.874026 0.785158 0.872072 0.783203 0.870118 0.783203 0.866209 0.785158 0.864255 0.780273 0.863278 0.769528 0.854491 0.751955 0.843749 0.749025 0.845703 0.747070 0.843749 0.740236 0.844726 0.738281 0.846681 0.738281 0.851559 0.725760 0.861677 0.725574 0.895495
0 0.214842 0.863278 0.219727 0.863278 0.228516 0.855468 0.230472 0.855468 0.244140 0.845703 0.250000 0.844726 0.274413 0.861331 0.274413 0.894532 0.254885 0.908205 0.252930 0.908205 0.248045 0.913084 0.245115 0.911130 0.242185 0.914061 0.235351 0.913084 0.234376 0.904297 0.225587 0.897464 0.220701 0.895509 0.220701 0.874997 0.221682 0.874026 0.220701 0.874997 0.218752 0.873049 0.214842 0.873049
