0 0.448078 0.136989 0.551077 0.136989 0.551077 0.240551 0.448078 0.240551
0 0.724627 0.421665 0.774663 0.372411 0.821909 0.421297 0.783647 0.463880 0.764113 0.461922
0 0.725337 0.578017 0.774198 0.529155 0.812313 0.568898 0.812962 0.589094 0.784627 0.615802 0.764749 0.617748
0 0.186756 0.570122 0.214504 0.539633 0.234443 0.538849 0.272742 0.579498 0.237564 0.616634 0.214113 0.618201 0.186756 0.589657
0 0.186830 0.411040 0.214578 0.384847 0.236867 0.384064 0.274774 0.421200 0.236867 0.462632 0.216536 0.461848 0.186830 0.431750
0 0.449767 0.881897 0.550147 0.881897 0.550147 0.940526 0.449767 0.940526
0 0.451175 0.764174 0.551554 0.764174 0.551554 0.862668 0.451175 0.862668
0 0.373317 0.686304 0.429131 0.686304 0.429131 0.744002 0.373317 0.744002
0 0.568433 0.684908 0.629412 0.684908 0.629412 0.748690 0.568433 0.748690
0 0.408678 0.565887 0.593293 0.565887 0.593293 0.672264 0.408678 0.672264
0 0.332693 0.449376 0.392362 0.449376 0.392362 0.552999 0.332693 0.552999
0 0.450894 0.448813 0.554455 0.448813 0.554455 0.551812 0.450894 0.551812
0 0.606242 0.451065 0.668152 0.451065 0.668152 0.549559 0.606242 0.549559
0 0.411493 0.332301 0.588225 0.332301 0.588225 0.432485 0.411493 0.432485
0 0.450330 0.058752 0.553892 0.058752 0.553892 0.120673 0.450330 0.120673
0 0.372093 0.250122 0.432889 0.250122 0.432889 0.315973 0.372093 0.315973
0 0.568531 0.252938 0.627625 0.252938 0.627625 0.317099 0.568531 0.317099
0 0.903305 0.331701 0.897185 0.332925 0.892289 0.334149 0.888617 0.335373 0.884945 0.336597 0.877601 0.340269 0.873929 0.342717 0.870257 0.345165 0.865361 0.348837 0.858017 0.356181 0.853121 0.362301 0.850673 0.367197 0.847001 0.373317 0.844553 0.379437 0.843329 0.384333 0.842105 0.389229 0.840881 0.395349 0.840881 0.412485 0.842105 0.418605 0.843329 0.423501 0.844553 0.428397 0.847001 0.434517 0.850673 0.441860 0.853121 0.445532 0.858017 0.451652 0.865361 0.458996 0.870257 0.462668 0.873929 0.465116 0.877601 0.467564 0.884945 0.471236 0.888617 0.472460 0.892289 0.473684 0.897185 0.474908 0.903305 0.476132 0.920441 0.476132 0.926561 0.474908 0.931457 0.473684 0.935129 0.472460 0.938800 0.471236 0.946144 0.467564 0.952264 0.463892 0.959608 0.457772 0.965728 0.451652 0.970624 0.445532 0.973072 0.441860 0.976744 0.434517 0.979192 0.428397 0.980416 0.423501 0.981640 0.418605 0.982864 0.412485 0.982864 0.395349 0.981640 0.389229 0.980416 0.384333 0.979192 0.379437 0.976744 0.373317 0.970624 0.362301 0.965728 0.356181 0.959608 0.350061 0.952264 0.343941 0.946144 0.340269 0.938800 0.336597 0.935129 0.335373 0.931457 0.334149 0.926561 0.332925 0.920441 0.331701 0.903305 0.331701
0 0.904529 0.529988 0.897185 0.531212 0.892289 0.532436 0.888617 0.533660 0.884945 0.534884 0.882497 0.536108 0.880049 0.537332 0.870257 0.543452 0.865361 0.547124 0.859241 0.553244 0.854345 0.559364 0.851897 0.563035 0.848225 0.569155 0.845777 0.575275 0.843329 0.583843 0.842105 0.589963 0.842105 0.607099 0.843329 0.613219 0.845777 0.621787 0.848225 0.627907 0.851897 0.634027 0.854345 0.637699 0.859241 0.643819 0.865361 0.649939 0.870257 0.653611 0.880049 0.659731 0.882497 0.660955 0.884945 0.662179 0.888617 0.663403 0.892289 0.664627 0.897185 0.665851 0.904529 0.667075 0.921665 0.667075 0.929009 0.665851 0.937576 0.663403 0.943696 0.660955 0.946144 0.659731 0.948592 0.658507 0.952264 0.656059 0.955936 0.653611 0.960832 0.649939 0.966952 0.643819 0.971848 0.637699 0.974296 0.634027 0.977968 0.627907 0.980416 0.621787 0.982864 0.613219 0.984088 0.607099 0.984088 0.589963 0.982864 0.583843 0.980416 0.575275 0.977968 0.569155 0.974296 0.563035 0.971848 0.559364 0.966952 0.553244 0.960832 0.547124 0.955936 0.543452 0.952264 0.541004 0.948592 0.538556 0.946144 0.537332 0.943696 0.536108 0.937576 0.533660 0.929009 0.531212 0.921665 0.529988 0.904529 0.529988
0 0.080783 0.334149 0.074663 0.335373 0.069767 0.336597 0.066095 0.337821 0.062424 0.339045 0.059976 0.340269 0.057528 0.341493 0.051408 0.345165 0.042840 0.352509 0.041616 0.352509 0.039168 0.354957 0.039168 0.356181 0.031824 0.364749 0.028152 0.370869 0.026928 0.373317 0.025704 0.375765 0.024480 0.379437 0.023256 0.383109 0.022032 0.388005 0.020808 0.394125 0.020808 0.411261 0.022032 0.417381 0.023256 0.422277 0.024480 0.425949 0.025704 0.429621 0.029376 0.436965 0.031824 0.440636 0.035496 0.445532 0.040392 0.451652 0.041616 0.452876 0.046512 0.456548 0.051408 0.460220 0.057528 0.463892 0.059976 0.465116 0.062424 0.466340 0.066095 0.467564 0.069767 0.468788 0.074663 0.470012 0.080783 0.471236 0.097919 0.471236 0.104039 0.470012 0.112607 0.467564 0.118727 0.465116 0.121175 0.463892 0.123623 0.462668 0.127295 0.460220 0.132191 0.456548 0.138311 0.451652 0.143207 0.445532 0.146879 0.440636 0.149327 0.436965 0.152999 0.429621 0.154223 0.425949 0.155447 0.422277 0.156671 0.417381 0.157895 0.411261 0.157895 0.394125 0.156671 0.388005 0.155447 0.383109 0.154223 0.379437 0.152999 0.375765 0.151775 0.373317 0.150551 0.370869 0.146879 0.364749 0.143207 0.359853 0.139535 0.354957 0.138311 0.353733 0.132191 0.348837 0.127295 0.345165 0.123623 0.342717 0.121175 0.341493 0.118727 0.340269 0.112607 0.337821 0.104039 0.335373 0.097919 0.334149 0.080783 0.334149
0 0.082007 0.526316 0.074663 0.527540 0.069767 0.528764 0.066095 0.529988 0.062424 0.531212 0.057528 0.533660 0.050184 0.537332 0.045288 0.541004 0.040392 0.544676 0.035496 0.549572 0.030600 0.555692 0.028152 0.559364 0.025704 0.564259 0.022032 0.571603 0.020808 0.575275 0.019584 0.578947 0.018360 0.583843 0.017136 0.589963 0.017136 0.607099 0.018360 0.613219 0.019584 0.618115 0.020808 0.621787 0.022032 0.625459 0.024480 0.631579 0.025704 0.634027 0.029376 0.640147 0.036720 0.648715 0.040392 0.652387 0.045288 0.656059 0.050184 0.659731 0.055080 0.662179 0.062424 0.665851 0.066095 0.667075 0.069767 0.668299 0.074663 0.669523 0.082007 0.670747 0.097919 0.670747 0.104039 0.669523 0.108935 0.668299 0.112607 0.667075 0.116279 0.665851 0.130967 0.658507 0.140759 0.649939 0.141983 0.648715 0.149327 0.640147 0.152999 0.634027 0.154223 0.631579 0.156671 0.625459 0.157895 0.621787 0.159119 0.618115 0.160343 0.613219 0.161567 0.607099 0.161567 0.589963 0.160343 0.583843 0.159119 0.578947 0.157895 0.575275 0.156671 0.571603 0.154223 0.566707 0.150551 0.559364 0.148103 0.555692 0.143207 0.549572 0.140759 0.547124 0.130967 0.538556 0.126071 0.536108 0.116279 0.531212 0.112607 0.529988 0.108935 0.528764 0.104039 0.527540 0.097919 0.526316 0.082007 0.526316
