0 0.377094 0.039889 0.550707 0.039889 0.550707 0.165366 0.377094 0.165366
0 0.105354 0.281109 0.206845 0.281109 0.206845 0.399756 0.105354 0.399756
0 0.237036 0.758647 0.344398 0.758647 0.344398 0.878293 0.237036 0.878293
0 0.379618 0.841330 0.481109 0.841330 0.481109 0.965831 0.379618 0.965831
0 0.586788 0.761574 0.694130 0.761574 0.694130 0.882173 0.586788 0.882173
0 0.375430 0.675987 0.549885 0.675987 0.549885 0.797561 0.375430 0.797561
0 0.446711 0.518426 0.622849 0.518426 0.622849 0.637073 0.446711 0.637073
0 0.654723 0.520355 0.827495 0.520355 0.827495 0.722661 0.654723 0.722661
0 0.793098 0.358914 0.892906 0.358914 0.892906 0.479512 0.793098 0.479512
0 0.586788 0.359889 0.760402 0.359889 0.760402 0.478537 0.586788 0.478537
0 0.449235 0.359889 0.556577 0.359889 0.556577 0.484368 0.449235 0.484368
0 0.377935 0.201353 0.547361 0.201353 0.547361 0.318071 0.377935 0.318071
0 0.584264 0.119645 0.689943 0.119645 0.689943 0.320000 0.584264 0.320000
0 0.725163 0.197450 0.829159 0.197450 0.829159 0.322927 0.725163 0.322927
0 0.242906 0.039889 0.344398 0.039889 0.344398 0.236364 0.242906 0.236364
0 0.031549 0.439645 0.207686 0.439645 0.207686 0.556341 0.031549 0.556341
0 0.174971 0.596231 0.341874 0.596231 0.341874 0.729468 0.174971 0.729468
0 0.241224 0.358914 0.414837 0.358914 0.414837 0.563149 0.241224 0.563149
