0 0.234637 0.581763 0.278287 0.581763 0.278287 0.607498 0.234637 0.607498
0 0.566108 0.930478 0.563004 0.931099 0.561142 0.931719 0.559901 0.932340 0.556797 0.934202 0.554935 0.935444 0.552452 0.937927 0.551210 0.939789 0.549348 0.942893 0.548727 0.944134 0.548107 0.945996 0.547486 0.949100 0.547486 0.955307 0.548107 0.958411 0.549348 0.961515 0.549969 0.962756 0.550590 0.963998 0.553693 0.967722 0.554935 0.968963 0.556797 0.970205 0.559901 0.972067 0.561142 0.972688 0.563004 0.973309 0.566108 0.973929 0.572315 0.973929 0.574798 0.973309 0.576660 0.972688 0.578523 0.972067 0.579764 0.971446 0.581006 0.970826 0.584109 0.968343 0.584730 0.967722 0.587834 0.963998 0.588454 0.962756 0.589075 0.961515 0.590317 0.958411 0.590937 0.955307 0.590937 0.949100 0.590317 0.945996 0.589696 0.944134 0.589075 0.942893 0.587213 0.939789 0.585971 0.937927 0.584109 0.936065 0.583489 0.936065 0.581006 0.933582 0.579764 0.932961 0.578523 0.932340 0.576660 0.931719 0.574798 0.931099 0.572315 0.930478 0.566108 0.930478
0 0.286102 0.565804 0.329752 0.565804 0.329752 0.608473 0.286102 0.608473
0 0.338759 0.026021 0.365680 0.026021 0.365680 0.052713 0.338759 0.052713
0 0.373824 0.043662 0.399385 0.043662 0.399385 0.070807 0.373824 0.070807
0 0.478324 0.008374 0.521757 0.008374 0.521757 0.052713 0.478324 0.052713
0 0.460683 0.060403 0.541434 0.060403 0.541434 0.105413 0.460683 0.105413
0 0.599932 0.043675 0.628436 0.043675 0.628436 0.070819 0.599932 0.070819
0 0.633867 0.025220 0.662365 0.025220 0.662365 0.052632 0.633867 0.052632
0 0.580931 0.094978 0.625450 0.094978 0.625450 0.138411 0.580931 0.138411
0 0.581477 0.149268 0.610521 0.149268 0.610521 0.192154 0.581477 0.192154
0 0.617033 0.148721 0.644724 0.148721 0.644724 0.174240 0.617033 0.174240
0 0.476971 0.113166 0.522030 0.113166 0.522030 0.139764 0.476971 0.139764
0 0.547548 0.129721 0.574960 0.129721 0.574960 0.157412 0.547548 0.157412
0 0.425400 0.130534 0.454718 0.130534 0.454718 0.157412 0.425400 0.157412
0 0.374370 0.096338 0.417256 0.096338 0.417256 0.142210 0.374370 0.142210
0 0.354823 0.147635 0.383054 0.147635 0.383054 0.173966 0.354823 0.173966
0 0.390658 0.147368 0.416443 0.147368 0.416443 0.190521 0.390658 0.190521
0 0.338268 0.199485 0.383054 0.199485 0.383054 0.228256 0.338268 0.228256
0 0.373557 0.234500 0.400428 0.234500 0.400428 0.261639 0.373557 0.261639
0 0.408299 0.216580 0.454444 0.216580 0.454444 0.261099 0.408299 0.261099
0 0.459870 0.216040 0.540490 0.216040 0.540490 0.261099 0.459870 0.261099
0 0.547275 0.217126 0.592061 0.217126 0.592061 0.261099 0.547275 0.261099
0 0.599665 0.233954 0.626263 0.233954 0.626263 0.261372 0.599665 0.261372
0 0.616220 0.199212 0.663991 0.199212 0.663991 0.227709 0.616220 0.227709
0 0.633321 0.286344 0.661825 0.286344 0.661825 0.314569 0.633321 0.314569
0 0.581750 0.269516 0.625723 0.269516 0.625723 0.295841 0.581750 0.295841
0 0.530174 0.269777 0.557858 0.269777 0.557858 0.313755 0.530174 0.313755
0 0.476431 0.269243 0.523662 0.269243 0.523662 0.312669 0.476431 0.312669
0 0.443315 0.268970 0.470732 0.268970 0.470732 0.313215 0.443315 0.313215
0 0.443042 0.321086 0.469373 0.321086 0.469373 0.349317 0.443042 0.349317
0 0.478057 0.321899 0.523116 0.321899 0.523116 0.366418 0.478057 0.366418
0 0.528547 0.321086 0.556505 0.321086 0.556505 0.350130 0.528547 0.350130
0 0.564376 0.304531 0.591521 0.304531 0.591521 0.331403 0.564376 0.331403
0 0.599392 0.356375 0.624364 0.356375 0.624364 0.384060 0.599392 0.384060
0 0.651235 0.355016 0.678107 0.355016 0.678107 0.384333 0.651235 0.384333
0 0.685164 0.337641 0.731310 0.337641 0.731310 0.382973 0.685164 0.382973
0 0.738094 0.354742 0.768498 0.354742 0.768498 0.384333 0.738094 0.384333
0 0.372334 0.268349 0.418752 0.268349 0.418752 0.296847 0.372334 0.296847
0 0.408709 0.304718 0.433681 0.304718 0.433681 0.331322 0.408709 0.331322
0 0.337045 0.288430 0.367449 0.288430 0.367449 0.314761 0.337045 0.314761
0 0.374507 0.357381 0.399752 0.357381 0.399752 0.383433 0.374507 0.383433
0 0.442905 0.356561 0.468696 0.356561 0.468696 0.385065 0.442905 0.385065
0 0.009690 0.340546 0.052582 0.340546 0.052582 0.365518 0.009690 0.365518
0 0.075382 0.337834 0.123153 0.337834 0.123153 0.364978 0.075382 0.364978
0 0.148672 0.338920 0.173644 0.338920 0.173644 0.384252 0.148672 0.384252
0 0.077821 0.373122 0.104693 0.373122 0.104693 0.398908 0.077821 0.398908
0 0.008610 0.390490 0.036294 0.390490 0.036294 0.417368 0.008610 0.417368
0 0.181782 0.391577 0.228200 0.391577 0.228200 0.436636 0.181782 0.436636
0 0.234718 0.390764 0.278417 0.390764 0.278417 0.417368 0.234718 0.417368
0 0.268374 0.339193 0.312911 0.339193 0.312911 0.383979 0.268374 0.383979
0 0.320217 0.357381 0.350074 0.357381 0.350074 0.383979 0.320217 0.383979
0 0.234711 0.355208 0.261856 0.355208 0.261856 0.384252 0.234711 0.384252
0 0.287374 0.390757 0.331670 0.390757 0.331670 0.434407 0.287374 0.434407
0 0.023998 0.459572 0.051955 0.459572 0.051955 0.488349 0.023998 0.488349
0 0.026710 0.512235 0.052762 0.512235 0.052762 0.539106 0.026710 0.539106
0 0.060639 0.476673 0.089417 0.476673 0.089417 0.520646 0.060639 0.520646
0 0.095388 0.477486 0.139361 0.477486 0.139361 0.520379 0.095388 0.520379
0 0.078287 0.443557 0.105711 0.443557 0.105711 0.470453 0.078287 0.470453
0 0.113029 0.444103 0.139361 0.444103 0.139361 0.469888 0.113029 0.469888
0 0.147232 0.426189 0.176002 0.426189 0.176002 0.453333 0.147232 0.453333
0 0.199888 0.441930 0.244947 0.441930 0.244947 0.471515 0.199888 0.471515
0 0.252005 0.459845 0.278336 0.459845 0.278336 0.486443 0.252005 0.486443
0 0.286207 0.460931 0.312539 0.460931 0.312539 0.489162 0.286207 0.489162
0 0.355810 0.408479 0.384146 0.408479 0.384146 0.451148 0.355810 0.451148
0 0.408250 0.374277 0.434631 0.374277 0.434631 0.418901 0.408250 0.418901
0 0.390987 0.442682 0.417368 0.442682 0.417368 0.470701 0.390987 0.470701
0 0.425189 0.425742 0.451899 0.425742 0.451899 0.452452 0.425189 0.452452
0 0.459714 0.426394 0.487076 0.426394 0.487076 0.452775 0.459714 0.452775
0 0.390987 0.478833 0.435282 0.478833 0.435282 0.522154 0.390987 0.522154
0 0.443426 0.478510 0.486425 0.478510 0.486425 0.522806 0.443426 0.522806
0 0.286102 0.512061 0.314115 0.512061 0.314115 0.540397 0.286102 0.540397
0 0.252228 0.513035 0.279590 0.513035 0.279590 0.541049 0.252228 0.541049
0 0.199131 0.529323 0.243755 0.529323 0.243755 0.556685 0.199131 0.556685
0 0.182849 0.564823 0.227145 0.564823 0.227145 0.609448 0.182849 0.609448
0 0.356462 0.547561 0.383495 0.547561 0.383495 0.592514 0.356462 0.592514
0 0.390335 0.530950 0.419001 0.530950 0.419001 0.557983 0.390335 0.557983
0 0.007610 0.582092 0.035947 0.582092 0.035947 0.609777 0.007610 0.609777
0 0.008585 0.634854 0.052228 0.634854 0.052228 0.661893 0.008585 0.661893
0 0.078616 0.635183 0.122588 0.635183 0.122588 0.663520 0.078616 0.663520
0 0.077964 0.599354 0.104345 0.599354 0.104345 0.624432 0.077964 0.624432
0 0.077635 0.529323 0.104997 0.529323 0.104997 0.556034 0.077635 0.556034
0 0.111837 0.530627 0.139199 0.530627 0.139199 0.557337 0.111837 0.557337
0 0.147343 0.547890 0.176331 0.547890 0.176331 0.575916 0.147343 0.575916
0 0.147343 0.617269 0.175357 0.617269 0.175357 0.662868 0.147343 0.662868
0 0.233662 0.617592 0.261347 0.617592 0.261347 0.643979 0.233662 0.643979
0 0.269814 0.617269 0.313786 0.617269 0.313786 0.661893 0.269814 0.661893
0 0.321608 0.616940 0.347989 0.616940 0.347989 0.642346 0.321608 0.642346
0 0.825413 0.337865 0.853557 0.337865 0.853557 0.382893 0.825413 0.382893
0 0.877492 0.338901 0.921465 0.338901 0.921465 0.366263 0.877492 0.366263
0 0.947523 0.339553 0.991819 0.339553 0.991819 0.366263 0.947523 0.366263
0 0.894426 0.373426 0.920484 0.373426 0.920484 0.400466 0.894426 0.400466
0 0.964457 0.391018 0.991496 0.391018 0.991496 0.418051 0.964457 0.418051
0 0.668703 0.392322 0.712998 0.392322 0.712998 0.435971 0.668703 0.435971
0 0.720161 0.390366 0.766089 0.390366 0.766089 0.418703 0.720161 0.418703
0 0.772930 0.391018 0.818535 0.391018 0.818535 0.434016 0.772930 0.434016
0 0.824395 0.426195 0.853383 0.426195 0.853383 0.452253 0.824395 0.452253
0 0.859578 0.444438 0.885959 0.444438 0.885959 0.469845 0.859578 0.469845
0 0.895407 0.443135 0.921136 0.443135 0.921136 0.472123 0.895407 0.472123
0 0.860379 0.478411 0.904351 0.478411 0.904351 0.522110 0.860379 0.522110
0 0.912942 0.477784 0.939181 0.477784 0.939181 0.521664 0.912942 0.521664
0 0.946872 0.459913 0.974469 0.459913 0.974469 0.487734 0.946872 0.487734
0 0.947554 0.513296 0.973110 0.513296 0.973110 0.541117 0.947554 0.541117
0 0.685965 0.460726 0.713327 0.460726 0.713327 0.488734 0.685965 0.488734
0 0.720490 0.460397 0.748175 0.460397 0.748175 0.487759 0.720490 0.487759
0 0.755996 0.442812 0.800944 0.442812 0.800944 0.470168 0.755996 0.470168
0 0.684662 0.513166 0.714624 0.513166 0.714624 0.541179 0.684662 0.541179
0 0.721465 0.513489 0.747852 0.513489 0.747852 0.539224 0.721465 0.539224
0 0.755345 0.530757 0.800292 0.530757 0.800292 0.556816 0.755345 0.556816
0 0.860875 0.531080 0.888237 0.531080 0.888237 0.556487 0.860875 0.556487
0 0.896710 0.530757 0.922768 0.530757 0.922768 0.559094 0.896710 0.559094
0 0.965109 0.582545 0.990844 0.582545 0.990844 0.610230 0.965109 0.610230
0 0.826027 0.547039 0.853712 0.547039 0.853712 0.574078 0.826027 0.574078
0 0.895078 0.599156 0.922768 0.599156 0.922768 0.627169 0.895078 0.627169
0 0.877492 0.634010 0.922768 0.634010 0.922768 0.662998 0.877492 0.662998
0 0.947194 0.633035 0.991167 0.633035 0.991167 0.661695 0.947194 0.661695
0 0.476965 0.389162 0.523873 0.389162 0.523873 0.417772 0.476965 0.417772
0 0.530919 0.356462 0.557629 0.356462 0.557629 0.382520 0.530919 0.382520
0 0.566096 0.375351 0.591831 0.375351 0.591831 0.419001 0.566096 0.419001
0 0.512675 0.425841 0.539385 0.425841 0.539385 0.453849 0.512675 0.453849
0 0.546878 0.426164 0.574240 0.426164 0.574240 0.454178 0.546878 0.454178
0 0.581750 0.444078 0.608442 0.444078 0.608442 0.470788 0.581750 0.470788
0 0.617238 0.408572 0.644593 0.408572 0.644593 0.452874 0.617238 0.452874
0 0.512024 0.478281 0.556977 0.478281 0.556977 0.521930 0.512024 0.521930
0 0.564469 0.477958 0.608113 0.477958 0.608113 0.523234 0.564469 0.523234
0 0.423904 0.547635 0.454215 0.547635 0.454215 0.575003 0.423904 0.575003
0 0.460546 0.547635 0.487461 0.547635 0.487461 0.575003 0.460546 0.575003
0 0.512346 0.547635 0.539944 0.547635 0.539944 0.575680 0.512346 0.575680
0 0.547182 0.547405 0.575003 0.547405 0.575003 0.575680 0.547182 0.575680
0 0.407840 0.582241 0.436114 0.582241 0.436114 0.626127 0.407840 0.626127
0 0.373687 0.616847 0.401285 0.616847 0.401285 0.643991 0.373687 0.643991
0 0.477964 0.582017 0.523203 0.582017 0.523203 0.608709 0.477964 0.608709
0 0.441999 0.616623 0.469820 0.616623 0.469820 0.644444 0.441999 0.644444
0 0.477741 0.634718 0.522073 0.634718 0.522073 0.678827 0.477741 0.678827
0 0.530670 0.617076 0.558038 0.617076 0.558038 0.644221 0.530670 0.644221
0 0.564146 0.582694 0.591061 0.582694 0.591061 0.625897 0.564146 0.625897
0 0.616623 0.547858 0.644674 0.547858 0.644674 0.592421 0.616623 0.592421
0 0.580881 0.530441 0.610292 0.530441 0.610292 0.558945 0.580881 0.558945
0 0.598529 0.617076 0.626803 0.617076 0.626803 0.645127 0.598529 0.645127
0 0.652588 0.616623 0.679503 0.616623 0.679503 0.644221 0.652588 0.644221
0 0.686518 0.617300 0.731757 0.617300 0.731757 0.662092 0.686518 0.662092
0 0.668423 0.564600 0.715469 0.564600 0.715469 0.609385 0.668423 0.609385
0 0.720677 0.580205 0.767498 0.580205 0.767498 0.611645 0.720677 0.611645
0 0.737641 0.615947 0.767498 0.615947 0.767498 0.644898 0.737641 0.644898
0 0.771806 0.564513 0.819584 0.564513 0.819584 0.611198 0.771806 0.611198
0 0.826096 0.616356 0.853240 0.616356 0.853240 0.663588 0.826096 0.663588
0 0.338287 0.686629 0.368144 0.686629 0.368144 0.713097 0.338287 0.713097
0 0.372216 0.704277 0.418361 0.704277 0.418361 0.730062 0.372216 0.730062
0 0.408858 0.668988 0.435549 0.668988 0.435549 0.696586 0.408858 0.696586
0 0.444146 0.652024 0.471291 0.652024 0.471291 0.678939 0.444146 0.678939
0 0.443017 0.685729 0.469932 0.685729 0.469932 0.730968 0.443017 0.730968
0 0.478529 0.685500 0.522862 0.685500 0.522862 0.731868 0.478529 0.731868
0 0.530106 0.685500 0.556791 0.685500 0.556791 0.731645 0.530106 0.731645
0 0.529652 0.652024 0.557697 0.652024 0.557697 0.679168 0.529652 0.679168
0 0.564258 0.668535 0.592762 0.668535 0.592762 0.697263 0.564258 0.697263
0 0.583035 0.703371 0.626009 0.703371 0.626009 0.733228 0.583035 0.733228
0 0.634606 0.686406 0.660391 0.686406 0.660391 0.712644 0.634606 0.712644
0 0.599994 0.738430 0.627809 0.738430 0.627809 0.767387 0.599994 0.767387
0 0.615829 0.772812 0.661974 0.772812 0.661974 0.799050 0.615829 0.799050
0 0.547294 0.738206 0.591626 0.738206 0.591626 0.782992 0.547294 0.782992
0 0.460888 0.739112 0.539379 0.739112 0.539379 0.782992 0.460888 0.782992
0 0.409311 0.738883 0.453197 0.738883 0.453197 0.784792 0.409311 0.784792
0 0.337834 0.773942 0.386238 0.773942 0.386238 0.799957 0.337834 0.799957
0 0.372893 0.738430 0.401397 0.738430 0.401397 0.767840 0.372893 0.767840
0 0.391670 0.807647 0.417939 0.807647 0.417939 0.854246 0.391670 0.854246
0 0.354575 0.825289 0.383302 0.825289 0.383302 0.854016 0.354575 0.854016
0 0.372893 0.859448 0.418814 0.859448 0.418814 0.905593 0.372893 0.905593
0 0.424240 0.843160 0.451837 0.843160 0.451837 0.868721 0.424240 0.868721
0 0.476040 0.859901 0.523315 0.859901 0.523315 0.889981 0.476040 0.889981
0 0.460888 0.894283 0.541186 0.894283 0.541186 0.941105 0.460888 0.941105
0 0.547995 0.843600 0.574202 0.843600 0.574202 0.868485 0.547995 0.868485
0 0.583060 0.808541 0.608504 0.808541 0.608504 0.852458 0.583060 0.852458
0 0.617741 0.826257 0.645450 0.826257 0.645450 0.852651 0.617741 0.852651
0 0.581738 0.860565 0.627542 0.860565 0.627542 0.905996 0.581738 0.905996
0 0.599479 0.930292 0.627300 0.930292 0.627300 0.957213 0.599479 0.957213
0 0.634767 0.947709 0.660099 0.947709 0.660099 0.974854 0.634767 0.974854
0 0.478461 0.947486 0.522570 0.947486 0.522570 0.992948 0.478461 0.992948
0 0.371924 0.929615 0.401782 0.929615 0.401782 0.957213 0.371924 0.957213
0 0.338442 0.947709 0.365587 0.947709 0.365587 0.974401 0.338442 0.974401
0 0.426443 0.025450 0.423960 0.026071 0.422098 0.026691 0.420236 0.027312 0.418994 0.027933 0.417753 0.028554 0.414649 0.031037 0.410925 0.034761 0.409063 0.037865 0.408442 0.039106 0.407821 0.040348 0.407200 0.042210 0.406580 0.045313 0.406580 0.051521 0.407200 0.054624 0.407821 0.056487 0.410304 0.061453 0.411546 0.062694 0.414649 0.065798 0.417753 0.068281 0.418994 0.068901 0.420236 0.069522 0.422098 0.070143 0.423960 0.070764 0.426443 0.071384 0.433271 0.071384 0.436375 0.070764 0.438237 0.070143 0.440099 0.069522 0.441341 0.068901 0.442582 0.067660 0.444444 0.067039 0.445065 0.066418 0.445065 0.065798 0.450031 0.061453 0.452514 0.056487 0.453135 0.054624 0.453755 0.051521 0.453755 0.045313 0.453135 0.042210 0.452514 0.040348 0.451893 0.039106 0.451273 0.037865 0.449410 0.034761 0.445686 0.031657 0.445065 0.031037 0.445065 0.030416 0.444444 0.029795 0.442582 0.029174 0.441341 0.027933 0.440099 0.027312 0.438237 0.026691 0.436375 0.026071 0.433271 0.025450 0.426443 0.025450
0 0.566729 0.026071 0.563625 0.026691 0.561763 0.027312 0.559901 0.027933 0.554935 0.031037 0.554314 0.031657 0.549969 0.036623 0.549348 0.037865 0.548727 0.039106 0.548107 0.040968 0.547486 0.042831 0.546865 0.045313 0.546865 0.051521 0.547486 0.054004 0.548107 0.055866 0.548727 0.057728 0.549348 0.058970 0.550590 0.060211 0.551210 0.062073 0.551831 0.062694 0.554314 0.065177 0.554935 0.065798 0.559901 0.068901 0.561763 0.069522 0.563625 0.070143 0.566729 0.070764 0.572936 0.070764 0.576040 0.070143 0.577902 0.069522 0.579764 0.068901 0.581006 0.068281 0.582247 0.067660 0.584109 0.065798 0.584730 0.065798 0.585971 0.064556 0.585971 0.063935 0.587213 0.062694 0.587834 0.062694 0.588454 0.062073 0.589075 0.060211 0.590317 0.058970 0.590937 0.057728 0.591558 0.055866 0.592179 0.054004 0.592800 0.051521 0.592800 0.045313 0.592179 0.042831 0.591558 0.040968 0.590937 0.039106 0.590317 0.037865 0.589696 0.036623 0.585971 0.032278 0.584730 0.031037 0.584109 0.031037 0.582247 0.029174 0.581006 0.028554 0.579764 0.027933 0.577902 0.027312 0.576040 0.026691 0.572936 0.026071 0.566729 0.026071
0 0.427685 0.930478 0.425202 0.931099 0.423340 0.931719 0.422098 0.932340 0.418994 0.934202 0.415270 0.937927 0.413408 0.940410 0.411546 0.944134 0.410925 0.945996 0.410304 0.949100 0.410304 0.955928 0.410925 0.958411 0.411546 0.960273 0.412787 0.963377 0.414649 0.965860 0.418994 0.970205 0.422098 0.972067 0.423340 0.972688 0.425202 0.973309 0.427685 0.973929 0.433892 0.973929 0.436375 0.973309 0.439479 0.972067 0.440720 0.971446 0.441962 0.970826 0.446927 0.965860 0.448790 0.963377 0.450031 0.960273 0.450652 0.958411 0.451273 0.955928 0.451273 0.949100 0.450652 0.945996 0.450031 0.944134 0.448169 0.940410 0.446307 0.937927 0.441962 0.933582 0.440720 0.932961 0.439479 0.932340 0.436375 0.931099 0.433892 0.930478 0.427685 0.930478
