0 0.793786 0.724971 0.895105 0.724971 0.895105 0.827916 0.793786 0.827916
0 0.377189 0.446979 0.623576 0.446979 0.623576 0.551530 0.377189 0.551530
0 0.244264 0.241912 0.343958 0.241912 0.343958 0.484264 0.244264 0.484264
0 0.378815 0.242734 0.621147 0.242734 0.621147 0.412925 0.378815 0.412925
0 0.033518 0.794665 0.136520 0.794665 0.136520 0.962390 0.033518 0.962390
0 0.170841 0.585373 0.277839 0.585373 0.277839 0.758509 0.170841 0.758509
0 0.653576 0.449407 0.763002 0.449407 0.763002 0.551530 0.653576 0.551530
0 0.762906 0.105163 0.751434 0.107075 0.743786 0.108987 0.738050 0.110899 0.728489 0.114723 0.713193 0.122371 0.707457 0.126195 0.697897 0.133843 0.686424 0.145315 0.678776 0.154876 0.674952 0.160612 0.667304 0.175908 0.663480 0.185468 0.661568 0.191205 0.659656 0.198853 0.657744 0.210325 0.657744 0.237094 0.659656 0.248566 0.661568 0.256214 0.663480 0.261950 0.667304 0.271511 0.674952 0.286807 0.678776 0.292543 0.684512 0.300191 0.697897 0.313576 0.707457 0.321224 0.713193 0.325048 0.728489 0.332696 0.738050 0.336520 0.743786 0.338432 0.751434 0.340344 0.762906 0.342256 0.789675 0.342256 0.801147 0.340344 0.808795 0.338432 0.814532 0.336520 0.824092 0.332696 0.839388 0.325048 0.845124 0.321224 0.852772 0.315488 0.868069 0.300191 0.873805 0.292543 0.877629 0.286807 0.885277 0.271511 0.889101 0.261950 0.891013 0.256214 0.892925 0.248566 0.894837 0.237094 0.894837 0.210325 0.892925 0.198853 0.891013 0.191205 0.889101 0.185468 0.885277 0.175908 0.877629 0.160612 0.873805 0.154876 0.866157 0.145315 0.852772 0.131931 0.845124 0.126195 0.839388 0.122371 0.824092 0.114723 0.814532 0.110899 0.808795 0.108987 0.801147 0.107075 0.789675 0.105163 0.762906 0.105163
0 0.311530 0.583958 0.414474 0.583958 0.414474 0.823862 0.311530 0.823862
0 0.450134 0.584761 0.621969 0.584761 0.621969 0.759828 0.450134 0.759828
0 0.655201 0.586386 0.758948 0.586386 0.758948 0.758203 0.655201 0.758203
0 0.862677 0.865201 0.964818 0.865201 0.964818 0.965698 0.862677 0.965698
0 0.172371 0.105105 0.345010 0.105105 0.345010 0.207228 0.172371 0.207228
0 0.720841 0.860325 0.831893 0.860325 0.831893 0.968948 0.720841 0.968948
0 0.033786 0.104283 0.139140 0.104283 0.139140 0.275315 0.033786 0.275315
