0 0.369621 0.065340 0.468507 0.065340 0.468507 0.138169 0.369621 0.138169
0 0.442387 0.466796 0.451603 0.467323 0.455080 0.452150 0.460942 0.442386 0.477540 0.426755 0.493170 0.421872 0.511714 0.422857 0.526365 0.429681 0.541995 0.447268 0.548825 0.467767 0.547846 0.493162 0.539058 0.512691 0.522460 0.528322 0.507809 0.533204 0.486328 0.532233 0.472656 0.525395 0.459963 0.513675 0.452154 0.491207 0.442387 0.487309 0.447271 0.481442 0.447271 0.472663
0 0.743170 0.611331 0.727540 0.548835 0.763672 0.517573 0.764651 0.511720 0.782228 0.511720 0.784174 0.517573 0.821285 0.549806 0.804688 0.607420 0.801763 0.611331
0 0.137785 0.643245 0.197980 0.643245 0.197980 0.712816 0.137785 0.712816
0 0.255802 0.554757 0.314211 0.554757 0.314211 0.667559 0.255802 0.667559
0 0.529302 0.688474 0.548825 0.688474 0.564455 0.695312 0.581053 0.712885 0.587895 0.732427 0.587895 0.754882 0.581053 0.774411 0.562497 0.793939 0.563476 0.795895 0.561518 0.793939 0.548825 0.800777 0.548825 0.806644 0.544920 0.808599 0.540037 0.804688 0.531248 0.808599 0.528323 0.806644 0.526365 0.797850 0.513672 0.792968 0.497075 0.775395 0.490233 0.755853 0.490233 0.728516 0.494137 0.718752 0.507809 0.700194
0 0.488017 0.911650 0.589351 0.911650 0.589351 0.976935 0.488017 0.976935
0 0.645924 0.420777 0.705031 0.420777 0.705031 0.533356 0.645924 0.533356
0 0.608543 0.289528 0.665177 0.289528 0.665177 0.355035 0.608543 0.355035
0 0.527834 0.066741 0.588397 0.066741 0.588397 0.132566 0.527834 0.132566
