0 0.011522 0.624424 0.136471 0.624424 0.136471 0.752188 0.011522 0.752188
0 0.054196 0.911349 0.112502 0.911349 0.112502 0.967012 0.054196 0.967012
0 0.186118 0.932847 0.220643 0.932847 0.220643 0.992447 0.186118 0.992447
0 0.053875 0.779427 0.088400 0.779427 0.088400 0.857600 0.053875 0.857600
0 0.010878 0.802227 0.045404 0.802227 0.045404 0.836102 0.010878 0.836102
0 0.119341 0.758910 0.266243 0.758910 0.266243 0.877145 0.119341 0.877145
0 0.338886 0.846204 0.373412 0.846204 0.373412 0.923373 0.338886 0.923373
0 0.383184 0.955318 0.441812 0.955318 0.441812 0.990824 0.383184 0.990824
0 0.406635 0.912000 0.439529 0.912000 0.439529 0.945875 0.406635 0.945875
0 0.448329 0.932518 0.482855 0.932518 0.482855 0.967694 0.448329 0.967694
0 0.448980 0.889851 0.550604 0.889851 0.550604 0.924698 0.448980 0.924698
0 0.516620 0.933616 0.549192 0.933616 0.549192 0.967545 0.516620 0.967545
0 0.560957 0.955788 0.617051 0.955788 0.617051 0.988588 0.560957 0.988588
0 0.558698 0.910322 0.593075 0.910322 0.593075 0.946282 0.558698 0.946282
0 0.624290 0.845404 0.661161 0.845404 0.661161 0.926384 0.624290 0.926384
0 0.779827 0.932149 0.815780 0.932149 0.815780 0.993514 0.779827 0.993514
0 0.888094 0.911820 0.945161 0.911820 0.945161 0.970839 0.888094 0.970839
0 0.909592 0.779710 0.945553 0.779710 0.945553 0.855537 0.909592 0.855537
0 0.954149 0.800031 0.988549 0.800031 0.988549 0.835992 0.954149 0.835992
0 0.779435 0.714039 0.816957 0.714039 0.816957 0.750000 0.779435 0.750000
0 0.866988 0.624141 0.992455 0.624141 0.992455 0.749608 0.866988 0.749608
0 0.668761 0.669059 0.704047 0.669059 0.704047 0.706604 0.668761 0.706604
0 0.734133 0.604816 0.768086 0.604816 0.768086 0.661592 0.734133 0.661592
0 0.778925 0.581969 0.814659 0.581969 0.814659 0.616125 0.778925 0.616125
0 0.627820 0.603914 0.660416 0.603914 0.660416 0.637388 0.627820 0.637388
0 0.405176 0.756996 0.595529 0.756996 0.595529 0.879733 0.405176 0.879733
0 0.735067 0.759341 0.880471 0.759341 0.880471 0.880510 0.735067 0.880510
0 0.843984 0.382894 0.969498 0.382894 0.969498 0.616478 0.843984 0.616478
0 0.776494 0.450604 0.815584 0.450604 0.815584 0.483827 0.776494 0.483827
0 0.779749 0.516078 0.813631 0.516078 0.813631 0.549302 0.779749 0.549302
0 0.626008 0.406957 0.769325 0.406957 0.769325 0.594251 0.626008 0.594251
0 0.735875 0.340416 0.770078 0.340416 0.770078 0.398392 0.735875 0.398392
0 0.778871 0.384714 0.811773 0.384714 0.811773 0.418588 0.778871 0.418588
0 0.866494 0.253443 0.987992 0.253443 0.987992 0.373961 0.866494 0.373961
0 0.778220 0.254094 0.815357 0.254094 0.815357 0.289600 0.778220 0.289600
0 0.909710 0.140086 0.946063 0.140086 0.946063 0.219043 0.909710 0.219043
0 0.955051 0.163929 0.993357 0.163929 0.993357 0.197937 0.955051 0.197937
0 0.732643 0.121325 0.878047 0.121325 0.878047 0.241710 0.732643 0.241710
0 0.889388 0.032204 0.945671 0.032204 0.945671 0.088878 0.889388 0.088878
0 0.778376 0.010706 0.814729 0.010706 0.814729 0.065035 0.778376 0.065035
0 0.405875 0.121718 0.593498 0.121718 0.593498 0.241325 0.405875 0.241325
0 0.449655 0.274549 0.548549 0.274549 0.548549 0.330831 0.449655 0.330831
0 0.426988 0.383600 0.572776 0.383600 0.572776 0.439106 0.426988 0.439106
0 0.626329 0.362878 0.661506 0.362878 0.661506 0.395718 0.626329 0.395718
0 0.670110 0.296431 0.705678 0.296431 0.705678 0.330831 0.670110 0.330831
0 0.449655 0.450690 0.483427 0.450690 0.483427 0.549184 0.449655 0.549184
0 0.512973 0.452565 0.550973 0.452565 0.550973 0.549184 0.512973 0.549184
0 0.424792 0.560447 0.572541 0.560447 0.572541 0.614384 0.424792 0.614384
0 0.228267 0.408008 0.371796 0.408008 0.371796 0.589059 0.228267 0.589059
0 0.450212 0.670400 0.551522 0.670400 0.551522 0.724431 0.450212 0.724431
0 0.341231 0.603796 0.374455 0.603796 0.374455 0.639302 0.341231 0.639302
0 0.296275 0.669263 0.329506 0.669263 0.329506 0.704118 0.296275 0.704118
0 0.230157 0.604776 0.265984 0.604776 0.265984 0.660149 0.230157 0.660149
0 0.186831 0.581969 0.219404 0.581969 0.219404 0.617153 0.186831 0.617153
0 0.186831 0.712259 0.220384 0.712259 0.220384 0.747114 0.186831 0.747114
0 0.276863 0.054118 0.272941 0.054902 0.270588 0.055686 0.269020 0.056471 0.263529 0.059608 0.258824 0.064314 0.255686 0.068235 0.254902 0.069804 0.254118 0.071373 0.253333 0.073725 0.252549 0.076078 0.251765 0.079216 0.251765 0.088627 0.252549 0.091765 0.253333 0.094118 0.254118 0.096471 0.254902 0.098039 0.257255 0.101961 0.263529 0.108235 0.269020 0.111373 0.270588 0.112157 0.272941 0.112941 0.276863 0.113725 0.284706 0.113725 0.288627 0.112941 0.290980 0.112157 0.297255 0.109020 0.298824 0.107451 0.304314 0.101961 0.306667 0.098039 0.307451 0.096471 0.308235 0.094118 0.309020 0.091765 0.309804 0.088627 0.309804 0.079216 0.309020 0.076078 0.308235 0.073725 0.307451 0.071373 0.306667 0.069804 0.305882 0.068235 0.302745 0.064314 0.297255 0.058824 0.290980 0.055686 0.288627 0.054902 0.284706 0.054118 0.276863 0.054118
0 0.341961 0.207843 0.338039 0.208627 0.335686 0.209412 0.334118 0.210196 0.330196 0.212549 0.327843 0.214118 0.323922 0.218039 0.322353 0.220392 0.320784 0.222745 0.320000 0.224314 0.319216 0.225882 0.318431 0.228235 0.317647 0.230588 0.316863 0.233725 0.316863 0.243137 0.317647 0.246275 0.318431 0.248627 0.319216 0.250980 0.321569 0.255686 0.323922 0.258824 0.327843 0.262745 0.330196 0.264314 0.334118 0.266667 0.335686 0.267451 0.338039 0.268235 0.341961 0.269020 0.349804 0.269020 0.353725 0.268235 0.356078 0.267451 0.360784 0.265098 0.363922 0.262745 0.367843 0.258824 0.370196 0.255686 0.372549 0.250980 0.373333 0.248627 0.374118 0.246275 0.374902 0.243137 0.374902 0.233725 0.374118 0.230588 0.373333 0.228235 0.372549 0.225882 0.371765 0.224314 0.370980 0.222745 0.369412 0.220392 0.367843 0.218039 0.363922 0.214118 0.360784 0.211765 0.356078 0.209412 0.353725 0.208627 0.349804 0.207843 0.341961 0.207843
0 0.187224 0.384031 0.219278 0.384031 0.219278 0.419600 0.187224 0.419600
0 0.185271 0.448910 0.218494 0.448910 0.218494 0.487608 0.185271 0.487608
0 0.293153 0.299208 0.329114 0.299208 0.329114 0.331263 0.293153 0.331263
0 0.340055 0.362918 0.373671 0.362918 0.373671 0.395757 0.340055 0.395757
0 0.367184 0.293945 0.401365 0.274416 0.434573 0.294925 0.434573 0.332031 0.402345 0.351561 0.396486 0.349608 0.393553 0.353514 0.387694 0.352541 0.384769 0.355467 0.383788 0.341796 0.368165 0.333984 0.367184 0.331051 0.363278 0.328125 0.362306 0.319333 0.366212 0.318361
0 0.559569 0.328125 0.559569 0.318361 0.564455 0.316408 0.564455 0.294925 0.568361 0.291012 0.597655 0.274416 0.631835 0.292973 0.631835 0.294925 0.635741 0.297851 0.635741 0.306643 0.631835 0.309569 0.631835 0.316408 0.635741 0.319333 0.635741 0.330078 0.632816 0.329098 0.628910 0.334965 0.616212 0.340824 0.601561 0.350588 0.582031 0.350588 0.583004 0.342776 0.582031 0.343749 0.578125 0.339843 0.568361 0.334965 0.564455 0.330078
0 0.362306 0.669922 0.365231 0.669922 0.383788 0.656251 0.384769 0.648439 0.394533 0.648439 0.396486 0.650392 0.403318 0.648439 0.434573 0.667969 0.434573 0.707027 0.433592 0.706055 0.416996 0.714847 0.416996 0.724612 0.416996 0.722659 0.406251 0.724612 0.404298 0.721678 0.402345 0.724612 0.399412 0.724612 0.367184 0.705075 0.367184 0.680667
0 0.564784 0.667373 0.567380 0.666016 0.596682 0.648439 0.600588 0.648439 0.632816 0.667969 0.631835 0.689451 0.635741 0.693357 0.635741 0.701169 0.631835 0.704102 0.630863 0.707027 0.622071 0.710941 0.615231 0.716800 0.614259 0.715820 0.615231 0.721678 0.613278 0.723631 0.604494 0.724612 0.601561 0.722659 0.596682 0.724612 0.567380 0.708008 0.563475 0.703122 0.555663 0.702149 0.558596 0.699216 0.558596 0.695310 0.555663 0.692384 0.564455 0.691404
0 0.032573 0.385051 0.156094 0.385051 0.156094 0.614588 0.032573 0.614588
0 0.186965 0.516667 0.222141 0.516667 0.222141 0.551843 0.186965 0.551843
0 0.011467 0.252243 0.134918 0.252243 0.134918 0.375035 0.011467 0.375035
0 0.231976 0.341161 0.267161 0.341161 0.267161 0.397514 0.231976 0.397514
0 0.121231 0.117067 0.263247 0.117067 0.263247 0.244424 0.121231 0.244424
0 0.187357 0.253216 0.221882 0.253216 0.221882 0.288071 0.187357 0.288071
0 0.054463 0.141490 0.089639 0.141490 0.089639 0.222596 0.054463 0.222596
0 0.011137 0.164620 0.045663 0.164620 0.045663 0.200125 0.011137 0.200125
0 0.053161 0.031075 0.112439 0.031075 0.112439 0.090031 0.053161 0.090031
0 0.185075 0.010227 0.223514 0.010227 0.223514 0.068855 0.185075 0.068855
0 0.338165 0.077325 0.378227 0.077325 0.378227 0.156478 0.338165 0.156478
0 0.405592 0.053875 0.442071 0.053875 0.442071 0.090682 0.405592 0.090682
0 0.383443 0.009898 0.439796 0.009898 0.439796 0.047357 0.383443 0.047357
0 0.449239 0.031075 0.486369 0.031075 0.486369 0.067882 0.449239 0.067882
0 0.449890 0.075043 0.551843 0.075043 0.551843 0.109898 0.449890 0.109898
0 0.559984 0.054196 0.595161 0.054196 0.595161 0.089702 0.559984 0.089702
0 0.512431 0.033357 0.550204 0.033357 0.550204 0.066251 0.512431 0.066251
0 0.559984 0.012510 0.615686 0.012510 0.615686 0.045404 0.559984 0.045404
0 0.625459 0.076675 0.660635 0.076675 0.660635 0.155827 0.625459 0.155827
0 0.716078 0.887843 0.712157 0.888627 0.709804 0.889412 0.708235 0.890196 0.704314 0.892549 0.701961 0.894118 0.698039 0.898039 0.696471 0.900392 0.694902 0.902745 0.694118 0.904314 0.693333 0.905882 0.692549 0.908235 0.691765 0.910588 0.690980 0.913725 0.690980 0.923137 0.691765 0.926275 0.692549 0.928627 0.693333 0.930980 0.695686 0.935686 0.698039 0.938824 0.701961 0.942745 0.704314 0.944314 0.708235 0.946667 0.709804 0.947451 0.712157 0.948235 0.716078 0.949020 0.723922 0.949020 0.727843 0.948235 0.730196 0.947451 0.734902 0.945098 0.738039 0.942745 0.741961 0.938824 0.744314 0.935686 0.746667 0.930980 0.747451 0.928627 0.748235 0.926275 0.749020 0.923137 0.749020 0.913725 0.748235 0.910588 0.747451 0.908235 0.746667 0.905882 0.745882 0.904314 0.745098 0.902745 0.743529 0.900392 0.741961 0.898039 0.738039 0.894118 0.734902 0.891765 0.730196 0.889412 0.727843 0.888627 0.723922 0.887843 0.716078 0.887843
0 0.277647 0.890196 0.273725 0.890980 0.271373 0.891765 0.265098 0.894902 0.258824 0.901176 0.257255 0.903529 0.255686 0.905882 0.254902 0.908235 0.254118 0.910588 0.253333 0.913725 0.253333 0.921569 0.254118 0.924706 0.254902 0.927059 0.255686 0.929412 0.256471 0.930980 0.257255 0.932549 0.265098 0.940392 0.271373 0.943529 0.273725 0.944314 0.277647 0.945098 0.285490 0.945098 0.289412 0.944314 0.293333 0.942745 0.298039 0.940392 0.305882 0.932549 0.306667 0.930980 0.307451 0.929412 0.308235 0.927059 0.309020 0.924706 0.309804 0.921569 0.309804 0.913725 0.309020 0.910588 0.308235 0.908235 0.307451 0.905882 0.305882 0.903529 0.304314 0.901176 0.298039 0.894902 0.293333 0.892549 0.289412 0.890980 0.285490 0.890196 0.277647 0.890196
0 0.343529 0.735686 0.340392 0.736471 0.338039 0.737255 0.335686 0.738039 0.333333 0.739608 0.330196 0.741961 0.324706 0.747451 0.321569 0.753725 0.320784 0.756078 0.320000 0.760000 0.320000 0.767843 0.320784 0.771765 0.322353 0.775686 0.324706 0.780392 0.330196 0.785882 0.333333 0.788235 0.335686 0.789804 0.338039 0.790588 0.340392 0.791373 0.343529 0.792157 0.351373 0.792157 0.354510 0.791373 0.356863 0.790588 0.359216 0.789804 0.360784 0.789020 0.362353 0.788235 0.370196 0.780392 0.372549 0.775686 0.374118 0.771765 0.374902 0.767843 0.374902 0.760000 0.374118 0.756078 0.373333 0.753725 0.370196 0.747451 0.362353 0.739608 0.360784 0.738824 0.359216 0.738039 0.356863 0.737255 0.354510 0.736471 0.351373 0.735686 0.343529 0.735686
0 0.650196 0.737255 0.646275 0.738039 0.643922 0.738824 0.642353 0.739608 0.638431 0.741961 0.636078 0.743529 0.631373 0.748235 0.629804 0.751373 0.627451 0.756078 0.626667 0.760000 0.626667 0.767843 0.627451 0.771765 0.629020 0.774902 0.631373 0.779608 0.636078 0.784314 0.638431 0.785882 0.642353 0.788235 0.643922 0.789020 0.646275 0.789804 0.650196 0.790588 0.658039 0.790588 0.661961 0.789804 0.664314 0.789020 0.669020 0.786667 0.672941 0.783529 0.676863 0.779608 0.678431 0.776471 0.680784 0.771765 0.681569 0.767843 0.681569 0.760000 0.680784 0.756078 0.679216 0.752941 0.676863 0.748235 0.672941 0.744314 0.669020 0.741176 0.664314 0.738824 0.661961 0.738039 0.658039 0.737255 0.650196 0.737255
0 0.649412 0.206275 0.646275 0.207059 0.643922 0.207843 0.637647 0.210980 0.631373 0.217255 0.629020 0.221176 0.628235 0.222745 0.627451 0.224314 0.626667 0.226667 0.625882 0.229020 0.625098 0.232157 0.625098 0.241569 0.625882 0.244706 0.628235 0.251765 0.629020 0.253333 0.631373 0.256471 0.637647 0.262745 0.643922 0.265882 0.646275 0.266667 0.649412 0.267451 0.657255 0.267451 0.660392 0.266667 0.662745 0.265882 0.667451 0.263529 0.669804 0.261961 0.675294 0.256471 0.677647 0.253333 0.678431 0.251765 0.680784 0.244706 0.681569 0.241569 0.681569 0.232157 0.680784 0.229020 0.680000 0.226667 0.679216 0.224314 0.678431 0.222745 0.677647 0.221176 0.675294 0.217255 0.669804 0.211765 0.667451 0.210196 0.662745 0.207843 0.660392 0.207059 0.657255 0.206275 0.649412 0.206275
0 0.716078 0.052549 0.712941 0.053333 0.710588 0.054118 0.708235 0.054902 0.706667 0.055686 0.705098 0.056471 0.702745 0.058039 0.700392 0.059608 0.696471 0.063529 0.694902 0.065882 0.693333 0.068235 0.692549 0.069804 0.691765 0.071373 0.690980 0.073725 0.690196 0.077647 0.690196 0.085490 0.690980 0.089412 0.691765 0.091765 0.694118 0.096471 0.696471 0.099608 0.700392 0.103529 0.702745 0.105098 0.705098 0.106667 0.706667 0.107451 0.708235 0.108235 0.710588 0.109020 0.712941 0.109804 0.716078 0.110588 0.724706 0.110588 0.728627 0.109804 0.730980 0.109020 0.733333 0.108235 0.738039 0.105882 0.741961 0.102745 0.745098 0.099608 0.747451 0.096471 0.749804 0.091765 0.750588 0.089412 0.751373 0.085490 0.751373 0.077647 0.750588 0.073725 0.749804 0.071373 0.749020 0.069804 0.748235 0.068235 0.745098 0.063529 0.741961 0.060392 0.738039 0.057255 0.733333 0.054902 0.730980 0.054118 0.728627 0.053333 0.724706 0.052549 0.716078 0.052549
