0 0.713708 0.290506 0.797052 0.290506 0.797052 0.354538 0.713708 0.354538
0 0.605388 0.689273 0.597464 0.690506 0.592710 0.691739 0.587956 0.692972 0.578447 0.696671 0.573693 0.699137 0.564184 0.705302 0.561014 0.707768 0.561014 0.709001 0.556260 0.712700 0.553090 0.717633 0.546751 0.727497 0.545166 0.732429 0.543582 0.738594 0.543582 0.753391 0.545166 0.759556 0.546751 0.764488 0.549921 0.769420 0.554675 0.776819 0.557845 0.780518 0.561014 0.784217 0.564184 0.786683 0.573693 0.792848 0.578447 0.795314 0.587956 0.799014 0.592710 0.800247 0.597464 0.801480 0.605388 0.802713 0.624406 0.802713 0.632330 0.801480 0.637084 0.800247 0.645008 0.797781 0.654517 0.794081 0.665610 0.786683 0.668780 0.784217 0.671949 0.780518 0.675119 0.776819 0.678288 0.771887 0.683043 0.764488 0.684628 0.759556 0.686212 0.753391 0.686212 0.738594 0.684628 0.732429 0.683043 0.727497 0.679873 0.722565 0.673534 0.712700 0.668780 0.709001 0.668780 0.707768 0.665610 0.705302 0.654517 0.697904 0.645008 0.694205 0.637084 0.691739 0.632330 0.690506 0.624406 0.689273 0.605388 0.689273
0 0.377179 0.198520 0.369255 0.199753 0.364501 0.200986 0.359746 0.202219 0.350238 0.205919 0.345483 0.208385 0.335975 0.214550 0.332805 0.217016 0.332805 0.218249 0.328051 0.221948 0.324881 0.226880 0.318542 0.236745 0.316957 0.241677 0.315372 0.247842 0.315372 0.262639 0.316957 0.268804 0.318542 0.273736 0.321712 0.278668 0.326466 0.286067 0.329635 0.289766 0.332805 0.293465 0.335975 0.295931 0.345483 0.302096 0.350238 0.304562 0.359746 0.308261 0.364501 0.309494 0.369255 0.310727 0.377179 0.311961 0.396197 0.311961 0.404120 0.310727 0.408875 0.309494 0.416799 0.307028 0.426307 0.303329 0.437401 0.295931 0.440571 0.293465 0.443740 0.289766 0.446910 0.286067 0.450079 0.281134 0.454834 0.273736 0.456418 0.268804 0.458003 0.262639 0.458003 0.247842 0.456418 0.241677 0.454834 0.236745 0.451664 0.231813 0.445325 0.221948 0.440571 0.218249 0.440571 0.217016 0.437401 0.214550 0.426307 0.207152 0.416799 0.203453 0.408875 0.200986 0.404120 0.199753 0.396197 0.198520 0.377179 0.198520
0 0.257528 0.420678 0.400777 0.420678 0.400777 0.577152 0.257528 0.577152
0 0.428257 0.422922 0.571490 0.422922 0.571490 0.577152 0.428257 0.577152
0 0.144675 0.377904 0.232219 0.377904 0.232219 0.488779 0.144675 0.488779
0 0.030380 0.554636 0.111410 0.554636 0.111410 0.624427 0.030380 0.624427
0 0.028209 0.378459 0.111410 0.378459 0.111410 0.442626 0.028209 0.442626
0 0.600428 0.422922 0.740777 0.422922 0.740777 0.577152 0.600428 0.577152
0 0.770444 0.376769 0.854358 0.376769 0.854358 0.487657 0.770444 0.487657
0 0.881838 0.376769 0.971537 0.376769 0.971537 0.442626 0.881838 0.442626
0 0.768273 0.509605 0.857971 0.509605 0.857971 0.622737 0.768273 0.622737
0 0.888352 0.552947 0.969382 0.552947 0.969382 0.621615 0.888352 0.621615
0 0.711109 0.644131 0.803708 0.644131 0.803708 0.713921 0.711109 0.713921
0 0.200380 0.644131 0.286466 0.644131 0.286466 0.712799 0.200380 0.712799
0 0.026767 0.776400 0.116466 0.776400 0.116466 0.845635 0.026767 0.845635
0 0.198938 0.778089 0.287924 0.778089 0.287924 0.845635 0.198938 0.845635
0 0.711838 0.777522 0.801537 0.777522 0.801537 0.842256 0.711838 0.842256
0 0.884010 0.776967 0.975880 0.776967 0.975880 0.843946 0.884010 0.843946
0 0.712567 0.910925 0.856529 0.910925 0.856529 0.978459 0.712567 0.978459
0 0.541109 0.909236 0.629366 0.909236 0.629366 0.977904 0.541109 0.977904
0 0.372552 0.910358 0.458637 0.910358 0.458637 0.976782 0.372552 0.976782
0 0.140349 0.912614 0.285024 0.912614 0.285024 0.976782 0.140349 0.976782
0 0.026339 0.154957 0.116751 0.154957 0.116751 0.222491 0.026339 0.222491
0 0.199952 0.153822 0.287480 0.153822 0.287480 0.224180 0.199952 0.224180
0 0.197781 0.286658 0.285309 0.286658 0.285309 0.357583 0.197781 0.357583
0 0.144976 0.023810 0.283138 0.023810 0.283138 0.088533 0.144976 0.088533
0 0.372853 0.022688 0.457480 0.022688 0.457480 0.092478 0.372853 0.092478
0 0.541410 0.022121 0.629667 0.022121 0.629667 0.089667 0.541410 0.089667
0 0.714295 0.023243 0.860428 0.023243 0.860428 0.088533 0.714295 0.088533
0 0.715024 0.156079 0.797496 0.156079 0.797496 0.221369 0.715024 0.221369
0 0.884295 0.155512 0.969667 0.155512 0.969667 0.225314 0.884295 0.225314
0 0.146133 0.510173 0.230048 0.510173 0.230048 0.622182 0.146133 0.622182
0 0.605388 0.202219 0.597464 0.203453 0.592710 0.204686 0.587956 0.205919 0.578447 0.209618 0.573693 0.212084 0.567353 0.215783 0.561014 0.220715 0.556260 0.225647 0.553090 0.229346 0.548336 0.236745 0.546751 0.240444 0.545166 0.244143 0.543582 0.250308 0.543582 0.265105 0.545166 0.271270 0.546751 0.276202 0.549921 0.281134 0.554675 0.288533 0.559429 0.293465 0.567353 0.299630 0.573693 0.303329 0.578447 0.305795 0.587956 0.309494 0.592710 0.310727 0.597464 0.311961 0.605388 0.313194 0.624406 0.313194 0.632330 0.311961 0.638669 0.310727 0.641838 0.308261 0.648177 0.307028 0.654517 0.304562 0.660856 0.300863 0.670365 0.293465 0.675119 0.288533 0.678288 0.283600 0.683043 0.276202 0.684628 0.271270 0.686212 0.265105 0.686212 0.250308 0.684628 0.244143 0.683043 0.240444 0.681458 0.236745 0.676704 0.229346 0.673534 0.225647 0.668780 0.220715 0.660856 0.214550 0.654517 0.210851 0.648177 0.208385 0.641838 0.207152 0.638669 0.204686 0.632330 0.203453 0.624406 0.202219 0.605388 0.202219
0 0.378764 0.689273 0.370840 0.690506 0.364501 0.691739 0.358162 0.694205 0.345483 0.699137 0.340729 0.702836 0.339144 0.702836 0.335975 0.705302 0.328051 0.712700 0.324881 0.716400 0.324881 0.718866 0.321712 0.721332 0.320127 0.723798 0.318542 0.727497 0.316957 0.731196 0.315372 0.737361 0.315372 0.752158 0.316957 0.758323 0.318542 0.762022 0.321712 0.768187 0.326466 0.775586 0.335975 0.784217 0.339144 0.786683 0.340729 0.786683 0.345483 0.790382 0.351823 0.792848 0.364501 0.797781 0.370840 0.799014 0.378764 0.800247 0.397781 0.800247 0.405705 0.799014 0.412044 0.797781 0.418384 0.795314 0.427892 0.791615 0.432647 0.787916 0.437401 0.786683 0.440571 0.784217 0.450079 0.775586 0.454834 0.768187 0.458003 0.762022 0.459588 0.758323 0.461173 0.752158 0.461173 0.737361 0.459588 0.731196 0.458003 0.727497 0.456418 0.723798 0.454834 0.721332 0.451664 0.718866 0.451664 0.716400 0.448494 0.712700 0.440571 0.705302 0.437401 0.702836 0.432647 0.701603 0.427892 0.697904 0.421553 0.695438 0.412044 0.691739 0.405705 0.690506 0.397781 0.689273 0.378764 0.689273
