0 0.669547 0.807815 0.766940 0.807815 0.766940 0.906189 0.669547 0.906189
0 0.719385 0.947554 0.781273 0.947554 0.781273 0.975891 0.719385 0.975891
0 0.683880 0.912377 0.717430 0.912377 0.717430 0.939733 0.683880 0.939733
0 0.965630 0.911986 0.993644 0.911986 0.993644 0.977132 0.965630 0.977132
0 0.791366 0.895047 0.958790 0.895047 0.958790 0.992110 0.791366 0.992110
0 0.027474 0.703811 0.089088 0.703811 0.089088 0.749441 0.027474 0.749441
0 0.093973 0.721726 0.121117 0.721726 0.121117 0.749143 0.093973 0.749143
0 0.129261 0.687529 0.158032 0.687529 0.158032 0.749690 0.129261 0.749690
0 0.060317 0.755686 0.105102 0.755686 0.105102 0.786058 0.060317 0.786058
0 0.110801 0.773575 0.175407 0.773575 0.175407 0.818361 0.110801 0.818361
0 0.182191 0.669342 0.314655 0.669342 0.314655 0.799901 0.182191 0.799901
0 0.339354 0.669342 0.401788 0.669342 0.401788 0.716027 0.339354 0.716027
0 0.355369 0.617523 0.383867 0.617523 0.383867 0.661769 0.355369 0.661769
0 0.338156 0.755568 0.399063 0.755568 0.399063 0.783582 0.338156 0.783582
0 0.356723 0.790751 0.383426 0.790751 0.383426 0.817784 0.356723 0.817784
0 0.233923 0.808988 0.332613 0.808988 0.332613 0.905078 0.233923 0.905078
0 0.286691 0.912247 0.314376 0.912247 0.314376 0.940596 0.286691 0.940596
0 0.216009 0.946772 0.278218 0.946772 0.278218 0.973805 0.216009 0.973805
0 0.182129 0.826251 0.226754 0.826251 0.226754 0.855568 0.182129 0.855568
0 0.164544 0.861105 0.192880 0.861105 0.192880 0.886840 0.164544 0.886840
0 0.093861 0.843520 0.158678 0.843520 0.158678 0.887492 0.093861 0.887492
0 0.009168 0.858827 0.071707 0.858827 0.071707 0.888467 0.009168 0.888467
0 0.059981 0.808014 0.087995 0.808014 0.087995 0.852309 0.059981 0.852309
0 0.007865 0.911266 0.035556 0.911266 0.035556 0.976412 0.007865 0.976412
0 0.842179 0.842998 0.904072 0.842998 0.904072 0.886319 0.842179 0.886319
0 0.044351 0.894333 0.209820 0.894333 0.209820 0.990745 0.044351 0.990745
0 0.042725 0.008932 0.209932 0.008932 0.209932 0.107194 0.042725 0.107194
0 0.007169 0.025760 0.035400 0.025760 0.035400 0.087921 0.007169 0.087921
0 0.008256 0.113166 0.070143 0.113166 0.070143 0.140577 0.008256 0.140577
0 0.094029 0.114252 0.156729 0.114252 0.156729 0.157952 0.094029 0.157952
0 0.165959 0.112079 0.192017 0.112079 0.192017 0.140577 0.165959 0.140577
0 0.217399 0.026195 0.278473 0.026195 0.278473 0.052526 0.217399 0.052526
0 0.287157 0.061210 0.313215 0.061210 0.313215 0.089441 0.287157 0.089441
0 0.233954 0.095413 0.331403 0.095413 0.331403 0.192588 0.233954 0.192588
0 0.113166 0.182545 0.172340 0.182545 0.172340 0.225705 0.113166 0.225705
0 0.060236 0.147803 0.086834 0.147803 0.086834 0.191229 0.060236 0.191229
0 0.058876 0.217287 0.104482 0.217287 0.104482 0.245518 0.058876 0.245518
0 0.095251 0.252576 0.121577 0.252576 0.121577 0.278908 0.095251 0.278908
0 0.025760 0.253389 0.086294 0.253389 0.086294 0.295189 0.025760 0.295189
0 0.130267 0.251763 0.157678 0.251763 0.157678 0.313650 0.130267 0.313650
0 0.183197 0.200186 0.313240 0.200186 0.313240 0.331037 0.183197 0.331037
0 0.356338 0.183271 0.383706 0.183271 0.383706 0.209056 0.356338 0.209056
0 0.337561 0.216747 0.402253 0.216747 0.402253 0.244798 0.337561 0.244798
0 0.339361 0.285220 0.397666 0.285220 0.397666 0.331800 0.339361 0.331800
0 0.425022 0.217145 0.573228 0.217145 0.573228 0.382291 0.425022 0.382291
0 0.599615 0.216170 0.661825 0.216170 0.661825 0.244184 0.599615 0.244184
0 0.617200 0.182297 0.643911 0.182297 0.643911 0.210633 0.617200 0.210633
0 0.598634 0.287505 0.660199 0.287505 0.660199 0.333755 0.598634 0.333755
0 0.685276 0.198908 0.818175 0.198908 0.818175 0.331800 0.685276 0.331800
0 0.668343 0.094674 0.764432 0.094674 0.764432 0.193042 0.668343 0.193042
0 0.808727 0.111937 0.835438 0.111937 0.835438 0.139299 0.808727 0.139299
0 0.772247 0.147114 0.816549 0.147114 0.816549 0.173824 0.772247 0.173824
0 0.840323 0.112588 0.906449 0.112588 0.906449 0.157865 0.840323 0.157865
0 0.825338 0.180341 0.885928 0.180341 0.885928 0.227244 0.825338 0.227244
0 0.911986 0.148417 0.940323 0.148417 0.940323 0.191086 0.911986 0.191086
0 0.928268 0.109659 0.990484 0.109659 0.990484 0.140602 0.928268 0.140602
0 0.965400 0.025295 0.991788 0.025295 0.991788 0.090441 0.965400 0.090441
0 0.791794 0.009007 0.958560 0.009007 0.958560 0.105096 0.791794 0.105096
0 0.721763 0.024314 0.784302 0.024314 0.784302 0.051024 0.721763 0.051024
0 0.685276 0.060801 0.714593 0.060801 0.714593 0.088156 0.685276 0.088156
0 0.894202 0.216611 0.940348 0.216611 0.940348 0.244842 0.894202 0.244842
0 0.876015 0.251899 0.906958 0.251899 0.906958 0.279311 0.876015 0.279311
0 0.840453 0.250267 0.869770 0.250267 0.869770 0.315959 0.840453 0.315959
0 0.911570 0.251353 0.975903 0.251353 0.975903 0.296412 0.911570 0.296412
0 0.684612 0.373122 0.818293 0.373122 0.818293 0.625934 0.684612 0.625934
0 0.651310 0.443948 0.678399 0.443948 0.678399 0.486164 0.651310 0.486164
0 0.651726 0.512800 0.678585 0.512800 0.678585 0.557858 0.651726 0.557858
0 0.581421 0.408572 0.642495 0.408572 0.642495 0.435984 0.581421 0.435984
0 0.616791 0.338759 0.643122 0.338759 0.643122 0.383271 0.616791 0.383271
0 0.355940 0.408790 0.418367 0.408790 0.418367 0.437834 0.355940 0.437834
0 0.321465 0.442719 0.349969 0.442719 0.349969 0.489404 0.321465 0.489404
0 0.355506 0.337685 0.385214 0.337685 0.385214 0.383805 0.355506 0.383805
0 0.182744 0.375208 0.314898 0.375208 0.314898 0.630639 0.182744 0.630639
0 0.372812 0.442353 0.626549 0.442353 0.626549 0.557008 0.372812 0.557008
0 0.356524 0.565475 0.416133 0.565475 0.416133 0.591533 0.356524 0.591533
0 0.320695 0.513035 0.350012 0.513035 0.350012 0.556356 0.320695 0.556356
0 0.582905 0.564823 0.646418 0.564823 0.646418 0.593489 0.582905 0.593489
0 0.615475 0.616940 0.644140 0.616940 0.644140 0.661564 0.615475 0.661564
0 0.425580 0.617592 0.572806 0.617592 0.572806 0.781105 0.425580 0.781105
0 0.598212 0.755376 0.662055 0.755376 0.662055 0.784041 0.598212 0.784041
0 0.686487 0.669708 0.818727 0.669708 0.818727 0.801955 0.686487 0.801955
0 0.842179 0.686319 0.869870 0.686319 0.869870 0.747232 0.842179 0.747232
0 0.876381 0.721173 0.905369 0.721173 0.905369 0.749510 0.876381 0.749510
0 0.912210 0.702936 0.973451 0.702936 0.973451 0.749187 0.912210 0.749187
0 0.895276 0.756027 0.938268 0.756027 0.938268 0.783060 0.895276 0.783060
0 0.826549 0.772638 0.887784 0.772638 0.887784 0.816288 0.826549 0.816288
0 0.912539 0.809448 0.939901 0.809448 0.939901 0.852117 0.912539 0.852117
0 0.930776 0.860583 0.989410 0.860583 0.989410 0.888920 0.930776 0.888920
0 0.808957 0.860261 0.835990 0.860261 0.835990 0.887945 0.808957 0.887945
0 0.774755 0.825729 0.819379 0.825729 0.819379 0.853743 0.774755 0.853743
