0 0.237800 0.684852 0.509435 0.684852 0.509435 0.950800 0.237800 0.950800
0 0.173717 0.684381 0.221249 0.684381 0.221249 0.772092 0.173717 0.772092
0 0.522587 0.684852 0.572666 0.684852 0.572666 0.776320 0.522587 0.776320
0 0.523439 0.788981 0.700000 0.788981 0.700000 0.982234 0.523439 0.982234
0 0.712725 0.790394 0.795064 0.790394 0.795064 0.876692 0.712725 0.876692
0 0.807800 0.718631 0.858305 0.718631 0.858305 0.771161 0.807800 0.771161
0 0.618503 0.577908 0.796759 0.577908 0.796759 0.774907 0.618503 0.774907
0 0.808642 0.614031 0.889286 0.614031 0.889286 0.667503 0.808642 0.667503
0 0.904985 0.544140 0.952953 0.544140 0.952953 0.594797 0.904985 0.594797
0 0.905837 0.405301 0.954222 0.405301 0.954222 0.527251 0.905837 0.527251
0 0.807800 0.474721 0.859148 0.474721 0.859148 0.595739 0.807800 0.595739
0 0.810347 0.368719 0.889713 0.368719 0.889713 0.455027 0.810347 0.455027
0 0.586878 0.368708 0.792220 0.368708 0.792220 0.559989 0.586878 0.559989
0 0.270803 0.369354 0.571298 0.369354 0.571298 0.668795 0.270803 0.668795
0 0.075699 0.366692 0.256997 0.366692 0.256997 0.600110 0.075699 0.600110
0 0.205659 0.613023 0.255005 0.613023 0.255005 0.668401 0.205659 0.668401
0 0.142785 0.613571 0.190922 0.613571 0.190922 0.667590 0.142785 0.667590
0 0.776858 0.156002 0.826938 0.156002 0.826938 0.213231 0.776858 0.213231
0 0.776858 0.229179 0.857493 0.229179 0.857493 0.316418 0.776858 0.316418
0 0.554460 0.087525 0.761576 0.087525 0.761576 0.351599 0.554460 0.351599
0 0.110694 0.296857 0.159921 0.296857 0.159921 0.352673 0.110694 0.352673
0 0.173925 0.157558 0.252448 0.157558 0.252448 0.280449 0.173925 0.280449
0 0.269049 0.016429 0.541011 0.016429 0.541011 0.350088 0.269049 0.350088
0 0.585401 0.016462 0.698295 0.016462 0.698295 0.071818 0.585401 0.071818
