0 0.119929 0.164839 0.175647 0.164839 0.175647 0.219435 0.119929 0.219435
0 0.164941 0.252031 0.220839 0.252031 0.220839 0.309882 0.164941 0.309882
0 0.011459 0.956031 0.044847 0.956031 0.044847 0.988337 0.011459 0.988337
0 0.055427 0.889804 0.087733 0.889804 0.087733 0.966078 0.055427 0.966078
0 0.098322 0.889804 0.132518 0.889804 0.132518 0.966894 0.098322 0.966894
0 0.142831 0.956580 0.199020 0.956580 0.199020 0.990510 0.142831 0.990510
0 0.209608 0.912604 0.241906 0.912604 0.241906 0.965804 0.209608 0.965804
0 0.165090 0.867004 0.197937 0.867004 0.197937 0.944094 0.165090 0.944094
0 0.208251 0.845561 0.286965 0.845561 0.286965 0.901749 0.208251 0.901749
0 0.144463 0.801043 0.199294 0.801043 0.199294 0.857506 0.144463 0.857506
0 0.077145 0.802400 0.134965 0.802400 0.134965 0.878133 0.077145 0.878133
0 0.011184 0.757341 0.067106 0.757341 0.067106 0.835788 0.011184 0.835788
0 0.010918 0.844204 0.045647 0.844204 0.045647 0.903106 0.010918 0.903106
0 0.056173 0.692008 0.087129 0.692008 0.087129 0.747357 0.056173 0.747357
0 0.097922 0.648855 0.132627 0.648855 0.132627 0.702329 0.097922 0.702329
0 0.142949 0.602894 0.175780 0.602894 0.175780 0.680753 0.142949 0.680753
0 0.099325 0.714996 0.155145 0.714996 0.155145 0.790039 0.099325 0.790039
0 0.163584 0.713122 0.241443 0.713122 0.241443 0.790039 0.163584 0.790039
0 0.254580 0.757678 0.285537 0.757678 0.285537 0.836949 0.254580 0.836949
0 0.294918 0.756737 0.375592 0.756737 0.375592 0.833192 0.294918 0.833192
0 0.384973 0.755333 0.419686 0.755333 0.419686 0.792855 0.384973 0.792855
0 0.274745 0.693420 0.305702 0.693420 0.305702 0.745953 0.274745 0.745953
0 0.185631 0.627749 0.263961 0.627749 0.263961 0.704675 0.185631 0.704675
0 0.319310 0.713122 0.398110 0.713122 0.398110 0.747827 0.319310 0.747827
0 0.407490 0.670431 0.438918 0.670431 0.438918 0.724847 0.407490 0.724847
0 0.451106 0.713584 0.504580 0.713584 0.504580 0.747357 0.451106 0.747357
0 0.364337 0.670431 0.395765 0.670431 0.395765 0.704204 0.364337 0.704204
0 0.317435 0.603373 0.354016 0.603373 0.354016 0.679812 0.317435 0.679812
0 0.187035 0.560212 0.265835 0.560212 0.265835 0.615553 0.187035 0.615553
0 0.274282 0.603827 0.307114 0.603827 0.307114 0.659647 0.274282 0.659647
0 0.252706 0.471090 0.307584 0.471090 0.307584 0.550831 0.252706 0.550831
0 0.271937 0.559741 0.351671 0.559741 0.351671 0.592573 0.271937 0.592573
0 0.317859 0.472173 0.351788 0.472173 0.351788 0.551427 0.317859 0.551427
0 0.362918 0.538400 0.417749 0.538400 0.417749 0.573420 0.362918 0.573420
0 0.362102 0.581561 0.418565 0.581561 0.418565 0.659459 0.362102 0.659459
0 0.427788 0.582376 0.462533 0.582376 0.462533 0.659192 0.427788 0.659192
0 0.251631 0.428824 0.304541 0.428824 0.304541 0.459216 0.251631 0.459216
0 0.208855 0.339325 0.263451 0.339325 0.263451 0.417004 0.208855 0.417004
0 0.274149 0.362400 0.331561 0.362400 0.331561 0.395616 0.274149 0.395616
0 0.274149 0.296549 0.329875 0.296549 0.329875 0.355647 0.274149 0.355647
0 0.230808 0.295427 0.261200 0.295427 0.261200 0.329757 0.230808 0.329757
0 0.143004 0.319067 0.199286 0.319067 0.199286 0.373098 0.143004 0.373098
0 0.097412 0.296549 0.132871 0.296549 0.132871 0.332008 0.097412 0.332008
0 0.033247 0.208745 0.110918 0.208745 0.110918 0.262776 0.033247 0.262776
0 0.012424 0.143451 0.067020 0.143451 0.067020 0.198612 0.012424 0.198612
0 0.009608 0.008369 0.044502 0.008369 0.044502 0.066345 0.009608 0.066345
0 0.032118 0.077035 0.065890 0.077035 0.065890 0.136133 0.032118 0.136133
0 0.074902 0.098988 0.111482 0.098988 0.111482 0.173286 0.074902 0.173286
0 0.077153 0.012306 0.132863 0.012306 0.132863 0.089984 0.077153 0.089984
0 0.141318 0.009498 0.176776 0.009498 0.176776 0.091106 0.141318 0.091106
0 0.185216 0.033137 0.243192 0.033137 0.243192 0.087169 0.185216 0.087169
0 0.253882 0.053961 0.284839 0.053961 0.284839 0.107992 0.253882 0.107992
0 0.208298 0.120941 0.285404 0.120941 0.285404 0.178902 0.208298 0.178902
0 0.297224 0.119812 0.332125 0.119812 0.332125 0.176102 0.297224 0.176102
0 0.164392 0.097302 0.197035 0.097302 0.197035 0.131631 0.164392 0.131631
0 0.121616 0.101239 0.154259 0.101239 0.154259 0.151333 0.121616 0.151333
0 0.186925 0.187357 0.241506 0.187357 0.241506 0.245890 0.186925 0.245890
0 0.801365 0.318400 0.835365 0.318400 0.835365 0.375075 0.801365 0.375075
0 0.561365 0.187067 0.593420 0.187067 0.593420 0.243741 0.561365 0.243741
0 0.604361 0.230847 0.637976 0.230847 0.637976 0.308627 0.604361 0.308627
0 0.493357 0.276188 0.571529 0.276188 0.571529 0.330125 0.493357 0.330125
0 0.517976 0.230063 0.548471 0.230063 0.548471 0.265239 0.517976 0.265239
0 0.450753 0.340682 0.529710 0.340682 0.529710 0.418855 0.450753 0.418855
0 0.538698 0.339898 0.571922 0.339898 0.571922 0.419639 0.538698 0.419639
0 0.515247 0.427843 0.550031 0.427843 0.550031 0.461459 0.515247 0.461459
0 0.516024 0.472792 0.549639 0.472792 0.549639 0.505631 0.516024 0.505631
0 0.559020 0.429020 0.592635 0.429020 0.592635 0.482565 0.559020 0.482565
0 0.582863 0.383678 0.616086 0.383678 0.616086 0.416118 0.582863 0.416118
0 0.603584 0.340682 0.638761 0.340682 0.638761 0.375859 0.603584 0.375859
0 0.687976 0.054573 0.725325 0.054573 0.725325 0.090753 0.687976 0.090753
0 0.627216 0.384188 0.703106 0.384188 0.703106 0.462690 0.627216 0.462690
0 0.734055 0.361718 0.792031 0.361718 0.792031 0.440541 0.734055 0.440541
0 0.714180 0.450643 0.748063 0.450643 0.748063 0.527184 0.714180 0.527184
0 0.604086 0.471812 0.681608 0.471812 0.681608 0.549333 0.604086 0.549333
0 0.693341 0.539239 0.769561 0.539239 0.769561 0.596235 0.693341 0.596235
0 0.602463 0.561710 0.658808 0.561710 0.658808 0.612847 0.602463 0.612847
0 0.560439 0.494612 0.595945 0.494612 0.595945 0.572784 0.560439 0.572784
0 0.537639 0.582235 0.574125 0.582235 0.574125 0.638910 0.537639 0.638910
0 0.581616 0.626855 0.614188 0.626855 0.614188 0.683859 0.581616 0.683859
0 0.624612 0.647702 0.683890 0.647702 0.683890 0.681255 0.624612 0.681255
0 0.669882 0.602102 0.729169 0.602102 0.729169 0.638580 0.669882 0.638580
0 0.780635 0.581906 0.811898 0.581906 0.811898 0.640212 0.780635 0.640212
0 0.736337 0.628157 0.768580 0.628157 0.768580 0.702424 0.736337 0.702424
0 0.690408 0.646400 0.726886 0.646400 0.726886 0.727184 0.690408 0.727184
0 0.735678 0.715451 0.769882 0.715451 0.769882 0.767247 0.735678 0.767247
0 0.538941 0.692980 0.592690 0.692980 0.592690 0.769200 0.538941 0.769200
0 0.605388 0.691027 0.659459 0.691027 0.659459 0.769851 0.605388 0.769851
0 0.581616 0.780275 0.638620 0.780275 0.638620 0.834996 0.581616 0.834996
0 0.647412 0.823271 0.682910 0.823271 0.682910 0.879945 0.647412 0.879945
0 0.691710 0.757475 0.724933 0.757475 0.724933 0.834667 0.691710 0.834667
0 0.693012 0.845090 0.724604 0.845090 0.724604 0.921639 0.693012 0.921639
0 0.736337 0.823592 0.791059 0.823592 0.791059 0.858125 0.736337 0.858125
0 0.756525 0.867239 0.791380 0.867239 0.791380 0.901122 0.756525 0.901122
0 0.802784 0.824243 0.881278 0.824243 0.881278 0.879624 0.802784 0.879624
0 0.890729 0.823592 0.922322 0.823592 0.922322 0.877663 0.890729 0.877663
0 0.934690 0.804212 0.988761 0.804212 0.988761 0.880431 0.934690 0.880431
0 0.781286 0.735325 0.857827 0.735325 0.857827 0.769522 0.781286 0.769522
0 0.735027 0.778322 0.815161 0.778322 0.815161 0.814149 0.735027 0.814149
0 0.822973 0.779624 0.879976 0.779624 0.879976 0.815129 0.822973 0.815129
0 0.890078 0.779294 0.924275 0.779294 0.924275 0.814478 0.890078 0.814478
0 0.846431 0.647702 0.880306 0.647702 0.880306 0.727184 0.846431 0.727184
0 0.778353 0.648031 0.836980 0.648031 0.836980 0.703725 0.778353 0.703725
0 0.888447 0.690376 0.923302 0.690376 0.923302 0.769200 0.888447 0.769200
0 0.932094 0.735325 0.990722 0.735325 0.990722 0.791349 0.932094 0.791349
0 0.821184 0.603365 0.856643 0.603365 0.856643 0.638824 0.821184 0.638824
0 0.734510 0.910729 0.770337 0.910729 0.770337 0.968706 0.734510 0.968706
0 0.801608 0.890533 0.837765 0.890533 0.837765 0.946557 0.801608 0.946557
0 0.844933 0.889231 0.922455 0.889231 0.922455 0.944604 0.844933 0.944604
0 0.933529 0.889231 0.967725 0.889231 0.967725 0.967404 0.933529 0.967404
0 0.778808 0.954376 0.835812 0.954376 0.835812 0.988902 0.778808 0.988902
0 0.845906 0.954047 0.880110 0.954047 0.880110 0.991184 0.845906 0.991184
0 0.119992 0.230925 0.154784 0.230925 0.154784 0.285647 0.119992 0.285647
0 0.340643 0.163773 0.373475 0.163773 0.373475 0.198949 0.340643 0.198949
0 0.250745 0.186831 0.309765 0.186831 0.309765 0.220839 0.250745 0.220839
0 0.251522 0.231004 0.307420 0.231004 0.307420 0.288071 0.251522 0.288071
0 0.318353 0.208722 0.353145 0.208722 0.353145 0.286118 0.318353 0.286118
0 0.362141 0.209506 0.439922 0.209506 0.439922 0.287678 0.362141 0.287678
0 0.338651 0.296627 0.374478 0.296627 0.374478 0.377522 0.338651 0.377522
0 0.385608 0.297176 0.439082 0.297176 0.439082 0.330290 0.385608 0.330290
0 0.383710 0.339788 0.438541 0.339788 0.438541 0.373992 0.383710 0.373992
0 0.450769 0.252871 0.484541 0.252871 0.484541 0.306910 0.450769 0.306910
0 0.340455 0.385145 0.374227 0.385145 0.374227 0.463380 0.340455 0.463380
0 0.407435 0.404839 0.439514 0.404839 0.439514 0.441427 0.407435 0.441427
0 0.383992 0.450596 0.439333 0.450596 0.439333 0.527984 0.383992 0.527984
0 0.448714 0.429020 0.505937 0.429020 0.505937 0.505937 0.448714 0.505937
0 0.450596 0.516729 0.482486 0.516729 0.482486 0.573012 0.450596 0.573012
0 0.493278 0.517200 0.527514 0.517200 0.527514 0.596933 0.493278 0.596933
0 0.473576 0.603969 0.526110 0.603969 0.526110 0.636808 0.473576 0.636808
0 0.471702 0.648533 0.526580 0.648533 0.526580 0.701529 0.471702 0.701529
0 0.756918 0.010047 0.835875 0.010047 0.835875 0.067114 0.756918 0.067114
0 0.845647 0.011216 0.877310 0.011216 0.877310 0.065153 0.845647 0.065153
0 0.911702 0.011608 0.989875 0.011608 0.989875 0.068675 0.911702 0.068675
0 0.956267 0.078055 0.989490 0.078055 0.989490 0.133169 0.956267 0.133169
0 0.890988 0.076494 0.946878 0.076494 0.946878 0.109718 0.890988 0.109718
0 0.844863 0.076878 0.881608 0.076878 0.881608 0.132776 0.844863 0.132776
0 0.800306 0.076878 0.835451 0.076878 0.835451 0.108933 0.800306 0.108933
0 0.735812 0.076494 0.790141 0.076494 0.790141 0.152714 0.735812 0.152714
0 0.648651 0.097992 0.724478 0.097992 0.724478 0.153490 0.648651 0.153490
0 0.603310 0.143333 0.637702 0.143333 0.637702 0.219553 0.603310 0.219553
0 0.649035 0.166000 0.679914 0.166000 0.679914 0.198055 0.649035 0.198055
0 0.691647 0.166000 0.769820 0.166000 0.769820 0.198055 0.691647 0.198055
0 0.801867 0.143333 0.856588 0.143333 0.856588 0.199224 0.801867 0.199224
0 0.866753 0.142549 0.899192 0.142549 0.899192 0.175380 0.866753 0.175380
0 0.913655 0.121443 0.946878 0.121443 0.946878 0.155451 0.913655 0.155451
0 0.955090 0.143718 0.990267 0.143718 0.990267 0.177725 0.955090 0.177725
0 0.648533 0.209741 0.681365 0.209741 0.681365 0.284784 0.648533 0.284784
0 0.689184 0.210133 0.726706 0.210133 0.726706 0.286353 0.689184 0.286353
0 0.737255 0.208565 0.812698 0.208565 0.812698 0.283616 0.737255 0.283616
0 0.868588 0.187459 0.924878 0.187459 0.924878 0.264855 0.868588 0.264855
0 0.934651 0.187459 0.988196 0.187459 0.988196 0.220682 0.934651 0.220682
0 0.823639 0.275404 0.879529 0.275404 0.879529 0.308235 0.823639 0.308235
0 0.648918 0.298078 0.726314 0.298078 0.726314 0.373122 0.648918 0.373122
0 0.735694 0.296125 0.790808 0.296125 0.790808 0.351624 0.735694 0.351624
