0 0.448935 0.214076 0.551212 0.214076 0.551212 0.355116 0.448935 0.355116
0 0.333207 0.608188 0.393403 0.608188 0.393403 0.668776 0.333207 0.668776
0 0.760526 0.920600 0.826034 0.920600 0.826034 0.984088 0.760526 0.984088
0 0.880073 0.878727 0.948960 0.878727 0.948960 0.944908 0.880073 0.944908
0 0.803195 0.686952 0.863770 0.686952 0.863770 0.747148 0.803195 0.747148
0 0.644504 0.607993 0.747687 0.607993 0.747687 0.666622 0.644504 0.666622
0 0.567895 0.606426 0.628091 0.606426 0.628091 0.666230 0.567895 0.666230
0 0.762656 0.527319 0.827160 0.527319 0.827160 0.591028 0.762656 0.591028
0 0.603966 0.488237 0.669241 0.488237 0.669241 0.552338 0.603966 0.552338
0 0.685275 0.370967 0.784553 0.370967 0.784553 0.510514 0.685275 0.510514
0 0.214443 0.409131 0.277479 0.409131 0.277479 0.472729 0.214443 0.472729
0 0.372056 0.254468 0.433623 0.254468 0.433623 0.316683 0.372056 0.316683
0 0.097980 0.017503 0.199608 0.017503 0.199608 0.085129 0.097980 0.085129
0 0.783354 0.761322 0.776010 0.762546 0.771114 0.763770 0.767442 0.764994 0.763770 0.766218 0.761322 0.767442 0.758874 0.769890 0.753978 0.771114 0.750306 0.773562 0.745410 0.777234 0.735618 0.785802 0.733170 0.788250 0.730722 0.791922 0.727050 0.798042 0.724602 0.802938 0.720930 0.810282 0.719706 0.813953 0.718482 0.818849 0.717258 0.827417 0.717258 0.843329 0.718482 0.849449 0.719706 0.855569 0.720930 0.859241 0.723378 0.865361 0.728274 0.873929 0.734394 0.882497 0.738066 0.886169 0.745410 0.892289 0.750306 0.895961 0.753978 0.898409 0.758874 0.899633 0.761322 0.902081 0.763770 0.903305 0.767442 0.904529 0.771114 0.905753 0.776010 0.906977 0.783354 0.908201 0.800490 0.908201 0.807834 0.906977 0.812729 0.905753 0.816401 0.904529 0.820073 0.903305 0.824969 0.900857 0.832313 0.897185 0.837209 0.893513 0.845777 0.886169 0.849449 0.882497 0.855569 0.873929 0.860465 0.865361 0.862913 0.859241 0.864137 0.855569 0.865361 0.849449 0.866585 0.843329 0.866585 0.827417 0.865361 0.818849 0.864137 0.813953 0.862913 0.810282 0.860465 0.805386 0.856793 0.798042 0.853121 0.791922 0.850673 0.788250 0.848225 0.785802 0.837209 0.776010 0.832313 0.772338 0.827417 0.769890 0.820073 0.766218 0.816401 0.764994 0.812729 0.763770 0.807834 0.762546 0.800490 0.761322 0.783354 0.761322
0 0.494492 0.645043 0.487148 0.646267 0.482252 0.648715 0.473684 0.652387 0.458996 0.667075 0.456548 0.671971 0.452876 0.679315 0.451652 0.684211 0.450428 0.690330 0.450428 0.705018 0.451652 0.711138 0.452876 0.716034 0.456548 0.724602 0.458996 0.728274 0.462668 0.733170 0.463892 0.734394 0.473684 0.742962 0.487148 0.749082 0.494492 0.750306 0.507956 0.750306 0.514076 0.749082 0.517748 0.747858 0.520196 0.746634 0.522644 0.744186 0.527540 0.742962 0.532436 0.739290 0.537332 0.734394 0.538556 0.733170 0.542228 0.728274 0.544676 0.724602 0.548348 0.716034 0.549572 0.711138 0.550796 0.705018 0.550796 0.690330 0.549572 0.684211 0.548348 0.679315 0.545900 0.674419 0.542228 0.667075 0.532436 0.656059 0.527540 0.652387 0.522644 0.651163 0.520196 0.648715 0.517748 0.647491 0.514076 0.646267 0.507956 0.645043 0.494492 0.645043
0 0.128911 0.216793 0.134761 0.224614 0.128911 0.234370 0.144529 0.235349 0.148433 0.242191 0.171873 0.254884 0.175777 0.258788 0.174810 0.274419 0.197271 0.271481 0.208005 0.274419 0.265630 0.239253 0.265630 0.171873 0.207026 0.137699 0.145508 0.170894 0.145508 0.214847
0 0.246095 0.336916 0.246095 0.348629 0.249021 0.353513 0.264651 0.353513 0.304688 0.393550 0.343745 0.353513 0.360355 0.351567 0.356450 0.347662 0.356450 0.337895 0.360355 0.333990 0.342778 0.332032 0.305667 0.294920 0.302729 0.294920 0.266597 0.332032 0.248042 0.333011
0 0.286132 0.451175 0.299633 0.450306 0.305667 0.428715 0.343745 0.411138 0.381836 0.430661 0.390624 0.472656 0.364259 0.504884 0.351567 0.503905 0.350588 0.508788 0.335936 0.508788 0.331053 0.504884 0.321285 0.504884 0.294920 0.472656 0.286132 0.469731 0.290037 0.464847 0.290037 0.456059
0 0.413084 0.524419 0.429682 0.578127 0.491212 0.579106 0.493170 0.566401 0.507809 0.524419 0.470698 0.496095 0.450073 0.500428 0.446291 0.499021
0 0.569339 0.293941 0.575190 0.293941 0.581053 0.271481 0.608397 0.259767 0.609376 0.255863 0.624994 0.255863 0.630857 0.261714 0.655275 0.273439 0.659180 0.291016 0.665043 0.294920 0.665043 0.310551 0.668947 0.313476 0.637699 0.348629 0.595704 0.348629 0.568360 0.316401 0.570318 0.312497
0 0.018176 0.841151 0.079143 0.841151 0.079143 0.939645 0.018176 0.939645
0 0.136610 0.882583 0.196401 0.882583 0.196401 0.938862 0.136610 0.938862
0 0.215165 0.919718 0.274969 0.919718 0.274969 0.981469 0.215165 0.981469
0 0.215949 0.764541 0.313672 0.764541 0.313672 0.865386 0.215949 0.865386
0 0.134259 0.804015 0.198752 0.804015 0.198752 0.860306 0.134259 0.860306
0 0.019339 0.763758 0.082277 0.763758 0.082277 0.828641 0.019339 0.828641
0 0.136218 0.723501 0.198752 0.723501 0.198752 0.788384 0.136218 0.788384
0 0.333207 0.684798 0.393403 0.684798 0.393403 0.829033 0.333207 0.829033
0 0.488531 0.764590 0.547160 0.764590 0.547160 0.824002 0.488531 0.824002
0 0.174517 0.605459 0.271457 0.605459 0.271457 0.710208 0.174517 0.710208
0 0.920453 0.137307 0.982607 0.137307 0.982607 0.276071 0.920453 0.276071
0 0.764504 0.136916 0.862607 0.136916 0.862607 0.276071 0.764504 0.276071
0 0.644933 0.176047 0.709425 0.176047 0.709425 0.238580 0.644933 0.238580
0 0.682069 0.057613 0.789951 0.057613 0.789951 0.120147 0.682069 0.120147
0 0.017466 0.175031 0.078837 0.175031 0.078837 0.237956 0.017466 0.237956
0 0.019425 0.019070 0.080392 0.019070 0.080392 0.078874 0.019425 0.078874
