0 0.073776 0.427879 0.203280 0.427879 0.203280 0.514599 0.073776 0.514599
0 0.076688 0.541355 0.204736 0.541355 0.204736 0.630517 0.076688 0.630517
0 0.228016 0.368717 0.565584 0.368717 0.565584 0.687237 0.228016 0.687237
0 0.640512 0.367897 0.722000 0.367897 0.722000 0.571337 0.640512 0.571337
0 0.744544 0.371141 0.870416 0.371141 0.870416 0.576203 0.744544 0.576203
0 0.176368 0.200945 0.254928 0.200945 0.254928 0.347647 0.176368 0.347647
0 0.277488 0.141765 0.363328 0.141765 0.363328 0.231729 0.277488 0.231729
0 0.384432 0.256863 0.461552 0.256863 0.461552 0.346025 0.384432 0.346025
0 0.537936 0.254439 0.616512 0.254439 0.616512 0.347647 0.537936 0.347647
0 0.636880 0.255241 0.714000 0.255241 0.714000 0.344403 0.636880 0.344403
0 0.743824 0.258485 0.820208 0.258485 0.820208 0.346025 0.743824 0.346025
0 0.537200 0.085847 0.613600 0.085847 0.613600 0.172567 0.537200 0.172567
0 0.383696 0.028307 0.463008 0.028307 0.463008 0.115829 0.383696 0.115829
0 0.329424 0.825490 0.512768 0.825490 0.512768 0.912068 0.329424 0.912068
0 0.536336 0.770053 0.613152 0.770053 0.613152 0.918877 0.536336 0.918877
0 0.721600 0.598930 0.713600 0.600713 0.707200 0.602496 0.700800 0.604278 0.692800 0.607843 0.676800 0.618538 0.656000 0.641711 0.652800 0.648841 0.648000 0.657754 0.644800 0.666667 0.643200 0.672014 0.641600 0.679144 0.640000 0.688057 0.640000 0.713012 0.641600 0.721925 0.643200 0.729055 0.644800 0.734403 0.648000 0.743316 0.652800 0.754011 0.656000 0.759358 0.664000 0.770053 0.665600 0.771836 0.676800 0.782531 0.692800 0.793226 0.700800 0.796791 0.707200 0.798574 0.713600 0.800357 0.721600 0.802139 0.744000 0.802139 0.752000 0.800357 0.758400 0.798574 0.764800 0.796791 0.772800 0.793226 0.776000 0.791444 0.779200 0.789661 0.784000 0.784314 0.788800 0.782531 0.800000 0.771836 0.801600 0.770053 0.809600 0.759358 0.812800 0.754011 0.817600 0.743316 0.820800 0.734403 0.822400 0.729055 0.824000 0.721925 0.825600 0.713012 0.825600 0.688057 0.824000 0.679144 0.822400 0.672014 0.820800 0.666667 0.817600 0.657754 0.809600 0.641711 0.788800 0.618538 0.784000 0.616756 0.779200 0.611408 0.776000 0.609626 0.772800 0.607843 0.764800 0.604278 0.758400 0.602496 0.752000 0.600713 0.744000 0.598930 0.721600 0.598930
