0 0.096903 0.376533 0.155018 0.376533 0.155018 0.448017 0.096903 0.448017
0 0.291346 0.645756 0.709070 0.645756 0.709070 0.936727 0.291346 0.936727
0 0.289131 0.378793 0.392448 0.378793 0.392448 0.629265 0.289131 0.629265
0 0.606536 0.378793 0.709853 0.378793 0.709853 0.624189 0.606536 0.624189
0 0.176867 0.508807 0.238470 0.508807 0.238470 0.623634 0.176867 0.623634
0 0.174394 0.376533 0.239461 0.376533 0.239461 0.488544 0.174394 0.488544
0 0.098886 0.552718 0.161469 0.552718 0.161469 0.626449 0.098886 0.626449
0 0.174394 0.729445 0.239461 0.729445 0.239461 0.804868 0.174394 0.804868
0 0.294308 0.069196 0.706781 0.069196 0.706781 0.355576 0.294308 0.355576
0 0.175092 0.195506 0.234700 0.195506 0.234700 0.267101 0.175092 0.267101
0 0.762215 0.200902 0.828372 0.200902 0.828372 0.267767 0.762215 0.267767
0 0.762901 0.377379 0.822509 0.377379 0.822509 0.487143 0.762901 0.487143
0 0.839388 0.376824 0.901983 0.376824 0.901983 0.451123 0.839388 0.451123
0 0.840392 0.556366 0.901983 0.556366 0.901983 0.623911 0.840392 0.623911
0 0.764394 0.509085 0.825483 0.509085 0.825483 0.622788 0.764394 0.622788
0 0.761408 0.730860 0.824994 0.730860 0.824994 0.800083 0.761408 0.800083
