0 0.397671 0.579419 0.476620 0.579419 0.476620 0.700427 0.397671 0.700427
0 0.523469 0.578850 0.603944 0.578850 0.603944 0.699869 0.523469 0.699869
0 0.174599 0.719003 0.288176 0.719003 0.288176 0.841139 0.174599 0.841139
0 0.237750 0.859715 0.284609 0.859715 0.284609 0.909244 0.237750 0.909244
0 0.300912 0.894611 0.348781 0.894611 0.348781 0.982421 0.300912 0.982421
0 0.333845 0.788368 0.411943 0.788368 0.411943 0.877492 0.333845 0.877492
0 0.459049 0.789310 0.540119 0.789310 0.540119 0.875619 0.459049 0.875619
0 0.427651 0.892968 0.475183 0.892968 0.475183 0.945498 0.427651 0.945498
0 0.650040 0.894841 0.699277 0.894841 0.699277 0.981150 0.650040 0.981150
0 0.712854 0.860602 0.760813 0.860602 0.760813 0.909387 0.712854 0.909387
0 0.713280 0.721303 0.824906 0.721303 0.824906 0.840909 0.713280 0.840909
0 0.333003 0.718751 0.333003 0.770504 0.364262 0.772464 0.366214 0.770504 0.379881 0.770504 0.380862 0.719726
0 0.587651 0.788839 0.666165 0.788839 0.666165 0.877021 0.587651 0.877021
0 0.618632 0.719890 0.667443 0.719890 0.667443 0.771019 0.618632 0.771019
0 0.522795 0.053571 0.570466 0.053571 0.570466 0.106254 0.522795 0.106254
0 0.745421 0.508554 0.794321 0.508554 0.794321 0.559211 0.745421 0.559211
0 0.745421 0.437634 0.793300 0.437634 0.793300 0.490537 0.745421 0.490537
0 0.840159 0.437634 0.919604 0.437634 0.919604 0.561457 0.840159 0.561457
0 0.523826 0.894502 0.570684 0.894502 0.570684 0.946287 0.523826 0.946287
0 0.524628 0.297404 0.602250 0.297404 0.602250 0.423034 0.524628 0.423034
0 0.396898 0.298072 0.476353 0.298072 0.476353 0.422355 0.396898 0.422355
0 0.236779 0.298751 0.348622 0.298751 0.348622 0.350756 0.236779 0.350756
0 0.301100 0.579923 0.348256 0.579923 0.348256 0.631391 0.301100 0.631391
0 0.302785 0.369671 0.346789 0.369671 0.346789 0.423034 0.302785 0.423034
0 0.649921 0.298751 0.762379 0.298751 0.762379 0.352782 0.649921 0.352782
0 0.651754 0.366966 0.698206 0.366966 0.698206 0.422355 0.651754 0.422355
0 0.712874 0.158269 0.824718 0.158269 0.824718 0.280515 0.712874 0.280515
0 0.713479 0.088697 0.762379 0.088697 0.762379 0.138675 0.713479 0.138675
0 0.587582 0.122464 0.665808 0.122464 0.665808 0.207568 0.587582 0.207568
0 0.460466 0.123823 0.539296 0.123823 0.539296 0.210953 0.460466 0.210953
0 0.175045 0.158269 0.286888 0.158269 0.286888 0.279836 0.175045 0.279836
0 0.237998 0.087349 0.286888 0.087349 0.286888 0.143406 0.237998 0.143406
0 0.301556 0.017097 0.349227 0.017097 0.349227 0.106933 0.301556 0.106933
0 0.429901 0.051544 0.475134 0.051544 0.475134 0.105586 0.429901 0.105586
0 0.650723 0.577579 0.696135 0.577579 0.696135 0.631993 0.650723 0.631993
0 0.650535 0.017097 0.697592 0.017097 0.697592 0.106254 0.650535 0.106254
0 0.459356 0.227404 0.540327 0.227404 0.540327 0.280318 0.459356 0.280318
0 0.334063 0.229650 0.380743 0.229650 0.380743 0.279836 0.334063 0.279836
0 0.618553 0.231490 0.665491 0.231490 0.665491 0.280931 0.618553 0.280931
0 0.651566 0.648412 0.761923 0.648412 0.761923 0.700471 0.651566 0.700471
0 0.460585 0.717174 0.539425 0.717174 0.539425 0.771216 0.460585 0.771216
0 0.333954 0.124491 0.414014 0.124491 0.414014 0.208248 0.333954 0.208248
0 0.776363 0.578127 0.792973 0.580077 0.793944 0.578127 0.792973 0.593746 0.794896 0.597831 0.796878 0.593746 0.808593 0.588872 0.809574 0.571292 0.813479 0.575192 0.820317 0.575192 0.824222 0.571292 0.826174 0.582026 0.832032 0.578127 0.838870 0.581051 0.840823 0.571292 0.844727 0.575192 0.851566 0.575192 0.854490 0.571292 0.856442 0.572267 0.856442 0.587886 0.872071 0.596681 0.889653 0.642574 0.887691 0.642574 0.874024 0.679682 0.875005 0.681643 0.834965 0.700197 0.834965 0.702147 0.791992 0.683593 0.787106 0.667974 0.778325 0.665038
0 0.770505 0.333987 0.786858 0.333571 0.791011 0.320318 0.796878 0.313472 0.833003 0.297853 0.872071 0.316407 0.889653 0.361325 0.875976 0.393560 0.874024 0.403319 0.870119 0.403319 0.831051 0.421873 0.825193 0.416988 0.803707 0.407229 0.792973 0.405268 0.791011 0.402344 0.791011 0.386714 0.776363 0.387700 0.770505 0.384765 0.774410 0.380854 0.774410 0.373045 0.770505 0.369146 0.776363 0.366210 0.779296 0.353516 0.778325 0.350581 0.770505 0.349606 0.774410 0.345706 0.774410 0.337886
0 0.206056 0.314458 0.165035 0.297853 0.125976 0.315433 0.126957 0.317382 0.109376 0.361325 0.111328 0.361325 0.126957 0.403319 0.125976 0.405268 0.128910 0.403319 0.143558 0.411128 0.143558 0.419923 0.158206 0.420898 0.161130 0.417974 0.166997 0.420898 0.204103 0.403319 0.206056 0.405268 0.220704 0.404294 0.222656 0.402344 0.222656 0.360350
0 0.205074 0.595706 0.165035 0.578127 0.131833 0.593746 0.125976 0.598631 0.111328 0.637700 0.111328 0.643560 0.125976 0.681643 0.142577 0.691402 0.143558 0.700197 0.161130 0.698248 0.166997 0.701172 0.208008 0.681643 0.222656 0.640624
0 0.079376 0.437744 0.159247 0.437744 0.159247 0.561522 0.079376 0.561522
0 0.206997 0.509398 0.254737 0.509398 0.254737 0.561522 0.206997 0.561522
0 0.206402 0.437744 0.253855 0.437744 0.253855 0.490186 0.206402 0.490186
0 0.335035 0.474162 0.411427 0.474162 0.411427 0.524250 0.335035 0.524250
0 0.428236 0.439825 0.572369 0.439825 0.572369 0.560274 0.428236 0.560274
0 0.586630 0.473034 0.665055 0.473034 0.665055 0.527065 0.586630 0.527065
0 0.238266 0.649211 0.348276 0.649211 0.348276 0.700986 0.238266 0.700986
