0 0.366815 0.022232 0.685578 0.022232 0.685578 0.222429 0.366815 0.222429
0 0.593914 0.686843 0.693914 0.686843 0.693914 0.848138 0.593914 0.848138
0 0.364739 0.686042 0.577242 0.686042 0.577242 0.887041 0.364739 0.887041
0 0.367861 0.510160 0.629334 0.510160 0.629334 0.669014 0.367861 0.669014
0 0.886624 0.377238 0.979350 0.377238 0.979350 0.450173 0.886624 0.450173
0 0.885594 0.290506 0.972060 0.290506 0.972060 0.358594 0.885594 0.358594
0 0.600158 0.288076 0.854342 0.288076 0.854342 0.489088 0.600158 0.489088
0 0.370983 0.243502 0.569952 0.243502 0.569952 0.490703 0.370983 0.490703
0 0.024089 0.288076 0.335563 0.288076 0.335563 0.442072 0.024089 0.442072
0 0.369937 0.910543 0.459525 0.910543 0.459525 0.977004 0.369937 0.977004
0 0.477242 0.908113 0.691838 0.908113 0.691838 0.985117 0.477242 0.985117
