0 0.386964 0.042410 0.694964 0.042410 0.694964 0.352024 0.386964 0.352024
0 0.737108 0.043229 0.955133 0.043229 0.955133 0.174530 0.737108 0.174530
0 0.737928 0.215880 0.867590 0.215880 0.867590 0.444434 0.737928 0.444434
0 0.736289 0.477663 0.874072 0.477663 0.874072 0.777542 0.736289 0.777542
0 0.474506 0.741084 0.699831 0.741084 0.699831 0.874000 0.474506 0.874000
0 0.736289 0.822940 0.964048 0.822940 0.964048 0.954241 0.736289 0.954241
0 0.300241 0.739446 0.433157 0.739446 0.433157 0.952627 0.300241 0.952627
0 0.039253 0.564386 0.262964 0.564386 0.262964 0.873253 0.039253 0.873253
0 0.046554 0.392554 0.347253 0.392554 0.347253 0.524675 0.046554 0.524675
0 0.062506 0.122072 0.063470 0.271494 0.107422 0.297855 0.113277 0.306651 0.109373 0.302723 0.045904 0.302723 0.043952 0.351566 0.127928 0.348627 0.130867 0.365229 0.136723 0.366217 0.141590 0.356434 0.164072 0.356434 0.171880 0.366217 0.177735 0.348627 0.202145 0.346675 0.328120 0.272458 0.329108 0.178723 0.324217 0.174795 0.348627 0.173831 0.348627 0.034169 0.345711 0.042964 0.306651 0.042000 0.302723 0.045904 0.301759 0.105470 0.196289 0.043952
