0 0.365832 0.731714 0.629873 0.731714 0.629873 0.805438 0.365832 0.805438
0 0.598051 0.600000 0.687750 0.600000 0.687750 0.710321 0.598051 0.710321
0 0.368003 0.598311 0.456973 0.598311 0.456973 0.668668 0.368003 0.668668
0 0.598764 0.511073 0.687021 0.511073 0.687021 0.577485 0.598764 0.577485
0 0.315911 0.418767 0.404168 0.418767 0.404168 0.490814 0.315911 0.490814
0 0.429382 0.866917 0.572060 0.866917 0.572060 0.981443 0.429382 0.981443
0 0.145911 0.423268 0.294216 0.423268 0.294216 0.491369 0.145911 0.491369
0 0.139398 0.288175 0.294929 0.288175 0.294929 0.402996 0.139398 0.402996
0 0.315198 0.288742 0.396212 0.288742 0.396212 0.400185 0.315198 0.400185
0 0.594422 0.289309 0.691363 0.289309 0.691363 0.396806 0.594422 0.396806
0 0.710174 0.289864 0.853407 0.289864 0.853407 0.404686 0.710174 0.404686
0 0.714517 0.420456 0.859192 0.420456 0.859192 0.495314 0.714517 0.495314
0 0.599493 0.420456 0.689921 0.420456 0.689921 0.488557 0.599493 0.488557
0 0.416307 0.015660 0.573803 0.015660 0.573803 0.132380 0.416307 0.132380
0 0.363803 0.195401 0.627813 0.195401 0.627813 0.268927 0.363803 0.268927
